-1.45014461669674e-01
2.48521374160146e-01
3.15048344812664e-01
3.01331669131821e-01
3.48429818116051e-02
3.76840185595548e-02
1.83752346815078e-01
2.49981693031222e-01
2.37301436035327e-01
1.16489220593732e-01
3.95478607434710e-02
-5.75516102557844e-02
9.52492334573162e-02
8.37030117613588e-02
-1.21665635860409e-02
6.55306235441511e-02
-1.74180464416758e-01
-1.54769262345914e-01
2.45827481294135e-01
-5.46577015859166e-02
-1.29452412882069e-01
-1.59847348722818e-01
-9.40592192604230e-02
4.60213022557148e-02
4.94175786237480e-02
1.28568804596668e-01
-7.98244526770410e-02
-1.50691471181156e-01
-2.83701855510641e-02
1.16815691630297e-01
1.38566059911692e-02
2.51721311607565e-01
-1.47328151706178e-01
1.39814312397920e-01
2.31590017206511e-01
-1.02654433354842e-01
1.91082740607487e-01
1.65716148900471e-02
9.45382138780388e-02
2.23118789465529e-01
1.37380463319810e-01
2.67706610179592e-01
5.40695047060022e-03
2.24988034348600e-01
8.78519041767934e-02
-6.51472005781452e-02
1.84484601866607e-01
2.32511352820844e-01
-1.75581878872136e-01
1.11221038815275e-01
1.22633326698680e-01
2.39792463793755e-01
1.46497942578599e-01
1.90503395711469e-01
3.66183948814213e-02
2.23344313167177e-01
9.36160570382653e-02
3.03731704587767e-01
1.45816759474118e-01
1.96370250853599e-01
-1.71207018849111e-01
3.03799403036934e-01
2.45211888429207e-01
-1.78076255603059e-01
2.08765653436232e-01
1.04244242302479e-01
5.78746650093037e-02
-1.47623425251252e-01
-1.60612112460781e-01
-1.16674413823809e-01
1.40344494194648e-01
-1.46276761976358e-01
1.74937105017023e-01
-1.47427969486165e-01
1.04368841164023e-01
2.09804614579111e-01
-1.36566460424038e-01
8.63815115987783e-02
-1.00644677266366e-01
-1.67651967574673e-01
3.28475900223812e-01
1.15673610959115e-01
-1.44288155931188e-01
9.43090820577494e-02
1.15262303268705e-01
1.95030946441720e-01
-9.79029867516632e-02
-4.00060298206796e-02
2.00309524841274e-01
3.06744082404583e-01
-2.77060851854393e-02
2.74393324465553e-01
8.57117437669595e-02
-1.74935608847109e-03
-1.43856773205584e-01
-1.50327131328075e-01
2.67428430716610e-01
1.68477718900898e-01
-1.40695386507618e-01
-1.64534042954004e-01
6.21367461773294e-02
2.24729727585957e-01
9.49965681114884e-02
1.77120313611589e-01
-4.58165158942943e-02
3.32552586480757e-01
1.84578124839876e-01
2.02814463042660e-01
1.64921663627976e-01
7.41355458430129e-02
-3.09823577017951e-02
1.28575924384623e-01
-7.38023254073688e-02
1.42838012425782e-01
1.48340748447673e-01
2.38633502889389e-01
-1.76265194092264e-01
2.95243560791862e-01
-1.56891834685921e-01
1.69268977166678e-01
1.72610227566037e-01
2.52160138380392e-01
-3.80557642244602e-01
2.41581097932819e-01
2.63803586330892e-01
8.18292641880344e-02
8.90867144057058e-02
1.26636377138557e-01
3.52394044704628e-02
-1.69300539506257e-01
3.09990906649477e-01
-1.67657043238338e-01
1.50019290119314e-01
3.64590934116232e-01
-1.69511459022319e-01
-4.43676948008761e-03
-1.65737646559143e-01
1.28780549239645e-01
2.46205363204871e-01
2.04656178159271e-01
2.48543156794974e-01
2.38081132960737e-01
-1.88535927383776e-01
-5.57351447179695e-01
-1.61427806514057e-01
-1.72516763024259e-01
-1.48686324595256e-01
1.64835897770192e-02
-1.80014451896755e-01
3.14069756438821e-02
2.20619522722786e-03
6.09210430109353e-02
-1.81050905797340e-01
-1.66197862855871e-01
1.41339363214762e-02
-3.15530422112428e-02
1.97216934984683e-01
-2.01180182718911e-02
2.25380173351185e-01
2.36491978666048e-01
-8.73477593081689e-04
1.25264795815888e-03
1.67361250472856e-01
1.97479554401209e-01
-1.29280394888818e-02
1.60825882801893e-02
-1.80846818389015e-01
-1.54783721257245e-01
2.56142945324412e-01
2.39576214813371e-01
1.90293332076742e-01
1.01932011372126e-01
7.10463943870173e-02
1.91704345317104e-02
2.31534070799386e-01
8.05102076400773e-02
1.68366295306094e-01
2.97799238475973e-01
2.31768344140061e-01
2.35365713210028e-01
-1.61588349352192e-01
2.18655368880691e-01
1.33473301507479e-01
2.02029600842487e-01
9.69609805876517e-02
-1.34246128543863e-01
1.96401263811866e-01
-1.75662361379823e-01
1.77554746675297e-01
1.98113709867672e-01
-1.19440669158077e-01
1.22923137855371e-01
-8.30451353959634e-02
2.26185871371081e-01
2.48529229443664e-02
-1.26149581863812e-01
-1.31869768785868e-01
1.39964006423542e-01
1.91140876769282e-01
2.42941795146039e-01
-7.17535200392593e-02
2.15689728940256e-01
2.13033436931432e-01
1.41883286892846e-02
1.95110910522477e-01
2.47597426368154e-01
-6.46711613443732e-04
2.11754972380476e-01
2.04518183639174e-01
3.25212796081231e-02
-1.93115226066496e-01
-1.52031998560267e-01
2.17261119616940e-01
1.74311925679158e-01
2.42234570382595e-01
-1.16838297550820e-02
-1.33102841160013e-01
-1.79235941166319e-01
-1.15522320320828e-01
-1.62349701305245e-01
-5.02909574733107e-01
-3.87413985942559e-01
1.41098190037337e-01
3.69964534548619e-02
-2.12811484646841e-01
-2.76714760097316e-01
-2.61295703605330e-01
-3.31941338776586e-02
-1.11820588673669e-01
-4.57919063865009e-01
2.42321761563150e-01
-2.40779884658097e-01
-2.32162444785894e-01
-3.45426840591638e-02
-6.05623678070021e-01
-2.88474966979784e-01
-1.85168589864203e-01
-3.48460308690287e-01
-4.24788566611883e-01
2.02335856684545e-01
-3.65071093508447e-02
1.37364740240705e-01
2.70824839420990e-01
4.03744048632041e-01
-6.90135445825779e-02
1.23294800769517e-02
8.46026847302666e-02
-1.08774725335593e-01
-5.06218526581291e-01
-1.31276006409033e-01
1.32451402428936e-01
-1.09127734324307e-01
-2.89664265824945e-01
1.45471445080788e+00
-1.36509958579007e-01
1.00330875414326e+00
9.50953857746891e-01
-3.37750666484968e-01
1.39609554975399e-01
1.14896203261785e-01
3.49836428249262e-02
-3.29575204991583e-02
4.07393957833062e-02
-8.00031415129362e-02
-5.04216716265297e-02
1.69421523583214e-01
-4.76902939230846e-02
1.68701227911893e-01
-7.55575173815410e-02
3.66127771662648e-01
-2.00406388327480e-01
-8.49935767515572e-02
-3.32554021271077e-01
1.05180607127771e-01
-2.78675489805588e-01
-3.94587354535074e-03
-1.28962743225187e-01
2.00064293742821e-01
-2.69192882279502e-01
-5.50389094938972e-01
-7.63525132750030e-02
1.00687263847163e-01
-8.17998736390518e-02
6.70051142900289e-02
-5.43792375672597e-01
1.39841482091463e-02
8.13790366849983e-01
-1.63164034048561e-01
-1.98712571203055e-01
2.71046154754144e-01
1.30803884192489e-01
3.96318059624064e-01
6.82019114699240e-03
2.60465443765687e-02
-3.31976314927582e-01
-1.12315256428231e-01
-1.42266608039386e-01
1.02017580357010e+00
-2.93640831756305e-02
-2.41858348727242e-01
2.05364614196801e-01
-2.99192596585699e-01
2.83077913794333e-01
-1.62410383416659e-01
2.96949599944249e-01
-1.62055245982314e-01
4.34561193191621e-02
2.76225365897665e-01
-4.00496289908007e-01
2.25581590891506e-02
-4.15256637652664e-01
1.32861053831442e-01
8.40825281286645e-02
-3.77636770551596e-01
-3.22538195055620e-01
3.07604482563889e-01
8.98173434078987e-02
-3.91516033174076e-01
-6.75521120105628e-01
-7.97271076062139e-02
-1.56032166916014e-01
-1.58620183652013e-01
-3.28769462470458e-01
-1.80404160703778e-01
-4.08085033437916e-01
1.66745688925147e-01
2.19575462361716e-02
-3.27551705278715e-02
1.61808968432915e-01
1.40383926646893e-01
4.60563703434227e-01
-1.99332751489253e-01
-2.76795268048905e-01
-5.76584774747756e-01
-1.93327134725391e-01
-1.70058884803293e-01
3.12639832829191e-02
-8.33504899111980e-03
2.85214632475573e-01
-5.73034512076947e-02
-1.66360442910564e-01
-8.08657066226016e-02
-9.72815052793137e-02
-1.42768911432975e-01
-1.20036537848135e-01
5.89056240473804e-03
-4.94976973356331e-01
-1.95662470571461e-01
3.70921694893790e-02
-1.98921881279550e-01
4.75510959736229e-02
-2.21416429844489e-01
-2.18968909051385e-01
1.89331754713190e-01
-1.76237361880322e-01
9.45653095156919e-01
-1.92148770035996e-01
4.55422157824849e-02
-2.59262640861372e-03
3.74817978552483e-02
5.10339515985854e-04
3.01733193606838e-03
-1.11123352111879e-01
1.56796523615104e+00
-2.23092598039641e-01
-8.64370364001349e-02
6.52196830591721e-02
9.09930975918709e-01
-1.28524007218760e-01
-1.79282631421158e-01
-2.60839884283349e-01
-3.78572136556237e-01
-7.79577274969206e-02
-1.09790127653262e-01
8.59125269873964e-02
-2.60970388552012e-01
1.48502364783327e-01
-2.15364808348894e-01
-3.56386977954009e-01
-2.53132121996149e-01
1.52434918633703e-01
-2.08307258581123e-01
-3.74319651040597e-02
-9.36975773006984e-02
-1.99525142797266e-01
-2.18299950972865e-01
6.34600017105020e-01
-2.20046587043459e-01
2.97613852501824e-02
4.92807264097954e-01
-3.49306754965987e-01
-2.92287800424758e-01
-1.92758731684591e-01
-4.45871357693163e-01
1.47557643168218e-01
5.96806392112633e-02
-1.82552954948562e-01
7.95699956386400e-02
-1.55294731040819e-01
-1.64442210936664e-01
-3.19940505191357e-01
-3.40112726399168e-01
-2.39207287696128e-01
-2.07069413062536e-01
-3.23864167021064e-01
4.70831262732450e-01
-1.51069980379331e-01
-1.64381395706124e-01
9.45915497907697e-03
1.37373384326212e-01
-2.96579613679202e-02
-9.67458532581524e-02
-4.60507588763155e-01
-4.31612414932031e-01
4.16537840906654e-01
3.92474459523943e-01
-3.62306489589483e-01
-2.95409243798642e-01
-1.68183760170567e-01
1.01970246914992e-01
2.90940377471682e-01
1.54591382450037e-01
7.57853703509554e-02
-1.66627681713784e-01
2.56151971902356e-01
-1.44597166686275e-01
-2.22467483124792e-01
-9.78161366126277e-02
-9.36645633335562e-03
-2.09550485186107e-01
-2.12980264095677e-01
-2.60392547875159e-01
-8.46821107282922e-02
-3.27206988176975e-01
-4.42127188956616e-02
1.84031889945650e-01
-5.38947336153824e-01
-1.58906407471366e-01
-4.69621192246649e-01
-2.32116310749342e-01
-4.72130908490708e-02
3.82165465405626e-01
-2.58246241373270e-02
1.15476319216032e-01
-6.06026830745084e-02
-1.65042236873185e-01
-5.19520425732759e-02
1.92249833453148e-01
2.19133562330559e-01
1.98564731943675e-01
-1.21619330570145e-01
-1.24358577767787e-01
-3.96783129497473e-02
-1.29619558050538e-01
8.64194128901372e-02
1.94695694561561e-01
-8.11516508218565e-01
-1.00754346377923e+00
2.77889449272101e-01
4.81949530315780e-02
-1.21008191335728e+00
6.08555073954997e-01
7.78675064703576e-02
6.04338346301835e-02
-1.77630873191100e-01
8.38103822790842e-02
1.23621129619372e-01
4.29452399430324e-02
6.92257981109648e-02
-1.39815837505879e-01
4.29652860642331e-02
1.05489526682254e-01
-9.80056277305567e-01
1.26124449248732e+00
1.68469096741317e-01
-1.57600606506389e-01
3.88508722641133e-02
-1.81124757120384e-01
-1.31526753865318e-01
4.28224429811906e-02
1.27671583065751e-02
1.57977495107793e-01
-1.31838228188056e-01
1.19289113341249e-01
-1.92271139384942e-01
-1.12289926794696e-02
4.55148834147938e-02
8.19774866041775e-03
-5.22535745737253e-01
-6.10238510627241e-02
-3.62411085740408e-02
1.06489375222334e-01
8.68360863978591e-03
-5.21541234000631e-02
-1.07204867613244e-01
6.10334113567292e-02
-9.86834929325014e-02
-4.92941257327463e-02
-1.86858454420084e-02
3.00235498420271e-01
-7.33575768282330e-01
4.47611407307515e-02
1.73015760609589e-01
-3.47001066220558e-01
2.70809246479006e-01
-7.74224491673948e-02
6.38301895247455e-03
-1.54745018692089e-01
-9.27551955932728e-01
-1.56056590937177e-01
1.47292874790203e-01
5.97018517591679e-02
-7.89251445940316e-02
7.08977850476233e-01
-5.39109982464099e-02
2.37312832184169e-01
-1.33106935717353e+00
-3.63249767084519e-02
8.04769201458057e-01
-8.84421461752538e-01
9.70809287944637e-02
-4.11812471497442e-02
-1.97862549865398e-01
-5.53372940600643e-02
9.67585489425136e-02
5.44998100280459e-02
1.29565077188811e-01
6.26572654845814e-02
2.88726502365839e-01
1.19886535301831e-01
1.61697034688669e-02
-3.59392534743314e-02
-1.27571969690218e-01
7.55473086828273e-02
-1.15722717888404e+00
-1.69733822845130e-01
-1.56786471182442e-01
2.90727700937798e-01
8.73182091803855e-02
3.43003865269537e-01
-1.56817228381394e-01
1.57141621425237e-01
-3.79277965315425e-02
6.78803104135950e-02
-1.33927964419889e-01
1.52297383193607e-01
-1.69587673936015e-02
3.14532092340092e-01
-1.16211087834783e-01
-3.76369289497685e-02
-5.58878427086721e-02
-1.07970652903396e-01
-1.17951541194720e-01
2.53522433489964e-01
-5.69093143349182e-02
1.56277918270900e-01
-9.71285269558202e-02
9.16587431926913e-02
4.92304563040554e-01
9.56033039768198e-03
6.00729228074125e-02
-2.47368128052119e-03
5.26993511402622e-01
1.96710010947794e-01
2.34851726074954e-01
-2.16787111405247e-02
2.54376628369247e-01
9.38201675685495e-02
-6.20960236359025e-02
-8.40659814976562e-01
1.06404190632614e-01
-8.09837791108524e-01
-1.06610313224410e-01
-3.10371750669181e-02
-8.32894147732238e-01
-1.05563670538177e-01
-5.44350309191761e-01
-1.75157895114149e-01
1.13600533416923e-01
-3.88226414820538e-02
1.61411128977896e-01
1.05361643234195e-01
-6.62346163556969e-01
9.60312021110388e-01
-2.50990984508497e-01
-8.00563369735278e-01
5.65446266961346e-01
-1.08452372225290e-01
-7.44516343348196e-01
1.11980265171508e-02
2.68796022647145e-02
-2.83509232962178e-02
-6.95768803670956e-01
1.59207576467908e-01
1.88671378099117e-01
-1.51801634218143e-01
-1.77756391478556e-02
-8.91350291726070e-02
3.03548033808500e-01
2.17880142471249e-01
-2.40474936534123e-02
-1.99411300377741e-02
-1.03664562935592e-01
2.54057598814763e-02
-1.17938759155136e-01
-1.60933125486183e-01
2.53671956501049e-01
-1.01793674532037e+00
3.39600974715300e-02
5.94163572731130e-02
2.80812383948677e-01
-8.78353228304146e-02
1.68974633283768e-02
1.72154513690473e-01
-1.10231612978071e-02
-2.24898303303801e-01
9.42472154319719e-03
3.37982029943297e-02
2.18764277955832e-01
2.62112007998282e-01
-8.75453783662497e-01
2.86626452648340e-01
-7.98254386929221e-02
1.11066777953693e-01
2.61924077498659e-01
1.71021218402473e-01
1.75266646107085e-01
4.61700637047592e-01
-5.44757954313697e-02
-5.33527716765534e-02
6.63294476037417e-01
-2.97800934267919e-02
-1.85139857952105e-01
3.15155235635712e-01
-2.99861208197182e-01
1.10715852193333e-01
1.93903836251000e-02
1.17326843002092e-01
3.10299555313973e-02
1.63237566802437e-01
-1.11961239543532e-03
-2.90853588714316e-02
2.46730343523342e-01
-1.00634690802627e-01
-6.53886886566364e-02
2.60716521943725e-01
-1.48144076827771e-01
1.14179626063619e-01
1.11048521361313e-01
-1.11693999933056e-01
-5.90083569592217e-01
-1.00770114773529e+00
-6.50381535988920e-02
2.96227967500154e-01
1.77131260905643e-01
1.10728865347839e-01
-1.67498349997963e-01
-2.60129921367453e-01
-1.77072587016850e-02
-9.03991079872872e-01
-1.00242331310615e-01
7.99921670765822e-02
-1.65632284508597e-02
3.77094028905722e-02
-2.38322731264494e-02
-1.13792294118404e-01
-9.34956928991707e-02
2.36179839129781e-02
3.99311764651781e-02
1.12294239355522e-02
-1.06053590929629e-01
-6.45749299806333e-02
-1.12593701225702e-01
-1.12904568860034e-02
-9.63854821520760e-02
-2.29917928845786e-02
-1.66816279029913e-01
-3.83863511553709e-01
5.80282146416452e-02
-1.57031969768552e-01
-6.96751189926936e-01
-2.43845185161376e-01
-1.51737775213409e-01
-1.17581223817826e-01
-4.24782416289549e-02
1.33750540262947e-01
-1.33000797723799e-01
-7.32915229729547e-01
-4.95091829266294e-02
-5.15367851481269e-02
-4.14075861415073e-03
-9.14700839981257e-04
-5.72018680400249e-01
1.80263578197757e+00
4.00647610801450e-02
1.31725986610397e-01
2.54171093815542e-01
-1.42945553016268e-01
-6.81658394773861e-02
2.69179322252036e-02
2.68451142373481e-03
4.44112869524596e-02
-1.74096766790531e-01
-2.55404783901955e-02
-4.75669792028640e-02
-1.93876964927356e-01
-5.93670011023194e-03
2.86553027904511e-02
-1.84295802475902e-01
-5.13482068801415e-02
-7.18196208065806e-03
-1.28617671742947e-02
-6.23563625805222e-02
-2.75986168050253e-02
-7.11279691228709e-02
1.08656886447453e-02
-1.08273660800658e-02
-4.44610894113646e-03
-3.68842774169022e-02
-4.52175442930819e-02
-2.10729287239978e-01
-2.41389193342576e-02
1.06906056797026e-02
-2.59889113194466e-01
-5.11400281868164e-02
-5.80739579123439e-02
1.91727479686769e-01
-1.99348050047418e-01
-3.26754254410448e-01
-1.46211491220196e-01
8.04939843504977e-02
4.51153763569188e-02
3.17189179569384e-02
-1.99875955565232e-01
-7.54496039721192e-02
6.77448185444708e-02
-8.54944766785305e-01
2.26228111373499e-01
3.34803245427750e-02
-2.75241152188518e-01
8.54029778285148e-02
-6.69382647979617e-02
-2.00449817035268e-01
-5.85602672766022e-03
8.94628600107463e-02
-6.14176633369722e-02
-1.41344631084311e-01
-1.30988653571305e-01
5.08176820965414e-02
2.65628742898123e-02
-4.22448455571350e-02
-1.81144655964867e-02
-7.75187388040783e-02
-2.93174624938245e-03
-6.01922021021239e-01
-2.08403133103832e-01
-1.32681606528148e-02
3.42453135890578e-03
-8.12818129168400e-02
-5.88667989533328e-01
-6.13282414623200e-02
-3.79330001426355e-03
-6.52544173761936e-02
-8.05703132461109e-02
-1.21502500623120e-01
3.27524535357778e-02
-2.30437053836056e-02
1.43887298692242e-01
-4.16807547124522e-02
-5.75256148370283e-02
-1.91049514496314e-01
-4.76209851982638e-02
-7.45841563029875e-02
-3.87308881414874e-03
-4.57556496925383e-02
1.69421894644796e-02
-1.79095284405376e-01
2.50946353327946e-02
3.71938642224669e-01
-3.75053384832624e-02
-9.00275969602662e-02
-4.05558837156481e-02
-3.42775807202982e-01
3.45512855042954e-02
6.89697222134790e-02
7.97459203234782e-02
3.12575779348729e-02
-3.11216284388692e-02
-8.90854366818760e-02
-2.25109807712499e-01
3.70266079547512e-02
-1.87362442202304e-01
-7.04052151341685e-02
-8.89174359234478e-03
-1.87005608148803e-01
1.48781490335691e-01
-9.73543034501990e-02
-6.43120103537790e-03
1.36233486659630e-02
-4.30073007117308e-02
1.53963122889447e-02
1.29171780174704e-02
-1.07052646377722e-01
2.01745294815258e+00
-1.50421670346258e-01
-1.63239317308765e-01
-2.48704306590174e-01
1.43911772561614e-01
-1.20444955329571e-01
3.52462526303345e-02
1.66255772718574e-02
-5.75929406810028e-02
-1.37346087368097e-01
-7.02425421452386e-01
7.95296256054969e-02
-8.90687425816889e-02
1.23995236497240e-02
-4.07975305615666e-02
7.52631007526176e-02
5.39231316384368e-02
-1.13743427040501e-01
-2.15243380530497e-03
1.30367252311274e-03
-9.98341067630944e-02
-5.46377106146940e-02
-8.00933203898896e-02
3.61686094876551e-01
-3.82334153425972e-01
-2.41674086220548e-04
1.36487956948261e-01
9.56472817314784e-03
-8.17785723462968e-02
2.18328908368046e-02
-9.02838579517547e-02
2.11563979038050e-02
-3.44034865135095e-02
-3.96053577938410e-02
9.48537862358857e-03
1.93755564912947e-02
7.91110332810611e-02
-2.50569940994139e-01
5.29939995333414e-02
-5.94677661088901e-02
-4.68982852386083e-02
1.02706731697785e-02
8.57334162657202e-02
-8.85698446067418e-03
-4.83639187650421e-01
-5.18404677540792e-02
-2.03653676116002e-02
6.20419612521022e-02
3.43370825225842e-02
-1.72913712820377e-01
6.60872349207879e-03
-4.54513324179555e-02
-7.38732284441058e-02
-2.01904764295023e-01
-8.35384844447808e-02
-5.24846381797944e-02
8.59632466445043e-02
-1.89050076532463e-01
5.43330415802119e-03
1.31827242905633e-01
-2.23578713121680e-02
4.89241489027573e-03
4.54940929051719e-02
-7.73663548558646e-02
-3.18762022866098e-02
3.48344704774775e-02
-5.38448075950921e-02
-6.87874801375408e-01
-4.63757704449267e-01
1.43714136458849e-03
2.74334075264618e-02
5.17874309883442e-02
-1.07430053308357e-01
-1.87473798574509e-01
-1.46194721860680e-01
-7.13969243097443e-02
-2.53482708632228e-01
-6.39735950965370e-01
-2.16377138870813e-01
7.10507477077031e-03
-7.73421535640191e-02
-4.88281588307787e-01
-3.68962361190255e-01
-3.50357128481581e-01
-1.86619107608940e-01
-2.84474039732245e-01
-4.88609138219107e-01
4.30664374889922e-01
-5.66060676040397e-01
2.91513858690379e-01
-4.59227737832768e-01
-5.69103967279374e-01
4.15849084628572e-01
1.73695047948960e-01
1.56598842402541e-01
-2.76633124608252e-01
-4.18054141349355e-02
1.57731998840936e-03
2.68501868190905e-01
-1.33836286059731e-01
-4.33196519428541e-02
-6.27312532682291e-01
-6.96807812595327e-01
-8.27534143664758e-02
-2.05394118125568e-01
-5.53667180228228e-01
-4.41262927796922e-01
8.88285360890485e-01
-1.51217235575318e-01
5.76613944588502e-02
2.92073867159896e+00
-1.35717477679842e-01
2.01027580141696e+00
1.20317670445828e+00
-3.56527446560175e-01
4.77323220367407e-01
3.22792907460400e-01
3.40745819084170e-01
-1.02719033188309e-01
2.79824395679329e-01
-1.33915333407872e-02
-4.78590583929842e-01
-3.06113966003208e-02
2.60057522914975e-01
2.78095430692759e-01
1.07906237929983e-01
3.47957794979167e-01
-5.26499171938734e-01
-8.54821796202889e-02
-2.23912434240483e-01
3.59236764752720e-01
-4.27202963841166e-01
2.15263239724596e-01
-5.77950765450755e-01
2.77232320791255e-01
-2.68875126455615e-01
-4.97986187650087e-01
1.64990887078006e-01
-1.42076947657751e-01
-3.85642944227847e-02
1.77699057936327e-01
-2.65124697077716e-01
4.32035691667940e-01
1.36782059025947e+00
1.56421657234945e-02
1.56234287020647e-01
-1.06460412685642e-01
5.40489435101014e-01
-2.94947043986388e-01
-4.37595148569550e-01
1.45087968187547e-01
-2.23913427409187e-01
-2.06099377446753e-01
-6.77443944661247e-02
1.53251919113413e+00
3.19994552775140e-01
1.71968891506998e-01
1.09059944879343e-01
-1.58559012768455e-01
-7.40295147700245e-02
-4.33596484376813e-01
7.87552412067662e-01
-7.18696836927370e-02
-5.17278382769555e-02
-2.63383264888581e-02
-6.12440725380365e-01
-1.60212465081784e-01
-5.91406752119885e-01
2.21379910752945e-01
4.80474239843986e-01
-6.69641577214545e-01
7.13488446190192e-02
-8.51641842536687e-02
-2.10114684836035e-01
5.81642646348323e-02
-6.95461423499025e-01
3.45022818986323e-02
-4.89889248707106e-01
-1.22779740806454e-01
-1.29800407161088e-01
1.42724615204270e-02
-6.34850368864034e-01
-2.41216809272484e-01
3.32297439586138e-01
2.32115565541068e-01
4.26634698413716e-01
4.55237540703303e-01
-1.05856915304286e-01
-4.45797822743353e-01
-6.43983679907152e-01
-4.54010649428874e-01
-5.25281798683292e-02
-1.64274570664232e-01
1.47071358993584e-02
-2.61457494269570e-01
6.62640926124160e-02
1.67520871365896e-01
2.80064752379433e-02
-1.08258180890312e-01
6.88308067917021e-02
-2.21675185494213e-01
-1.56719516080245e-01
-6.56597905236805e-01
-4.43513671715903e-01
8.39774981551537e-02
4.38936791840037e-01
1.84338244605329e-01
-5.89984777298760e-02
2.01173948410117e-01
-3.18318928964707e-01
1.36495821226360e-02
1.93590360030777e-01
1.66779020783844e+00
1.82399148669021e-01
-5.90166148338159e-01
-2.87478902303825e-02
1.92040006616610e-01
-1.65484109243995e-01
1.98742648833867e-01
1.41809783213868e-01
3.76340661015929e-02
6.18267013402143e-02
1.92644608317134e-01
2.81534073329143e-01
1.61561523276766e+00
1.61237975654792e-01
-6.16553310830775e-01
-6.18158871680374e-01
-3.83322731650685e-01
1.80137457734533e-01
-6.58982157350932e-02
8.53245230928979e-01
-6.15879549008180e-01
4.06385707109714e-01
-4.88322331511231e-01
-6.62927952587130e-01
-4.41428923150278e-01
1.48011381600689e-01
-7.53647894246461e-01
-3.61190575509058e-01
1.69973906996949e-02
-7.07602565301531e-01
-6.17001905738627e-01
1.39017685516131e-01
1.56594291372376e-01
7.66627304860086e-03
6.60440259292933e-01
1.01991656409781e-01
-2.02593282894513e-01
-5.77920961617791e-01
3.53086498198068e-01
2.98000575477717e-01
-5.05867875367982e-01
-5.34285065682835e-02
7.36928322009253e-02
-1.59592026426048e-01
-2.49424592825816e-01
1.87252608919712e-01
-5.33486711076857e-01
-2.45633440920027e-01
-7.86977987194049e-02
2.45483336873036e-01
-1.69850927621218e-01
-1.75382069056550e-01
-7.31824469755128e-03
2.96232897944619e-01
3.77887231763122e-01
2.38913570705517e-01
-3.85103715701150e-01
-3.22942281011360e-01
-1.67648356188019e-01
3.56459625657733e-01
-1.31657452968644e-01
1.71552724080142e-01
-2.32795494497015e-02
1.77130611013328e-01
2.28312531996470e-01
-1.18808417702035e-01
3.75394187135271e-01
2.68828001509125e-01
-5.89849843032985e-01
3.88815523408629e-01
-2.35797700511906e-01
-5.63106037539977e-01
-4.75825781524299e-02
8.22644561389270e-02
-4.83279843170388e-01
-1.16636226086796e-01
1.19217665183116e-01
-3.18512023823009e-01
5.91415792599228e-02
-3.11782702707571e-02
1.76851167991140e-03
-6.81088697648973e-01
8.09966929843718e-02
-5.80201170780246e-01
1.86510822275921e-01
9.20106328720393e-01
5.98819503303632e-01
-2.73235929249004e-01
-1.49000987509672e-02
5.57525360549466e-01
6.97548919073018e-01
3.37432584706098e-01
3.18993479253318e-01
3.23687852807834e-01
6.79398625151510e-01
-3.35440688572121e-01
7.40310684864880e-01
-2.21243544857741e-01
5.21711520608864e-01
8.53091720171450e-01
2.70631889557666e-01
-3.09814608229693e-01
-3.95951690686721e-01
5.93085726463378e-01
5.15864818359556e-01
-4.44051190728604e-01
-2.44800525982475e-01
3.84972993972996e-01
4.50213806318237e-01
6.94720607662745e-01
3.96052788585454e-01
5.05713524319493e-01
-4.33988814411141e-01
7.26380303351303e-01
5.88776018566970e-01
-3.08714660795329e-01
3.88564141058767e-01
-4.47565457521535e-01
-6.27390766221926e-01
3.91926123778946e-01
-1.31906551366312e+00
-9.69690824216376e-01
7.16045683441913e-01
-6.31308160826634e-01
-7.49010805047954e-01
-8.28155280845872e-01
3.88128739449600e-01
4.01706171850297e-02
3.64953090461765e-01
6.42548150851919e-01
4.94275613276093e-01
-3.24344691300365e-01
-8.96798151796050e-01
-2.13882074455668e-01
-5.68483616648698e-01
6.16836141187584e-01
3.83824570130638e-01
3.46990182835186e-01
-8.11855733560627e-01
5.51360771655096e-01
-3.81057963458549e-01
5.59638229921770e-01
-3.38502490807656e-01
3.94636715775309e-01
6.57634981522482e-01
-4.76021437731350e-01
1.93377011509241e-01
3.51295781267793e-01
-4.06979416730399e-01
6.63789315817736e-01
-7.46418659726043e-01
-1.04995781870302e+00
-1.10371935541890e-01
-4.35602194419051e-01
-5.59691094324011e-02
-1.83697680258757e-01
1.99105443015996e-01
4.23406101584918e-01
-1.48983514745415e-01
4.97448981519290e-01
1.45715200800605e-01
-3.96762028101015e-01
-1.16320046491736e+00
3.51400712329881e-02
-4.25066301789626e-01
-5.92856333849249e-01
5.55466401424574e-01
-1.34864860965214e-01
5.96643878925492e-01
-3.20198804567407e-01
3.75576604549645e-01
4.62253033917824e-01
4.86250113846481e-01
6.25257195914605e-01
-1.66798535810878e-01
6.07071342159364e-01
-4.56902149848276e-01
-5.47528686933433e-01
6.49059103850402e-01
-4.12876602779621e-01
-1.53426417740150e-01
2.49777255623351e-01
4.52499086643544e-01
8.43021957901463e-01
-2.99871570287912e-01
6.61899653307353e-01
3.63360436907740e-01
5.24370991914309e-01
3.72598125002544e-01
8.01434375665727e-01
2.99352357265473e-01
-6.24911424055344e-01
-5.87697305917657e-02
-7.55336634988811e-01
-6.16346528376311e-01
4.03880485247370e-01
5.42474711952042e-01
9.58766019100013e-01
7.69805920135779e-01
3.76579125683497e-01
4.43885519721954e-01
-2.16810459376696e-01
4.24636612361734e-01
3.31819219385660e-01
-4.59927170212997e-01
3.71845846087328e-01
4.70191047430867e-01
1.07023920131238e-01
3.51540290321439e-01
3.76512973050430e-01
5.27548938995338e-01
7.66618339106127e-01
-4.37149859418328e-01
-5.11786562602802e-01
-4.25013634023795e-01
-1.88517824854456e-01
-3.27363790932027e-01
4.06928174422838e-01
-1.87690077155268e-01
-3.63860391126993e-01
-1.08393098381414e+00
-2.72571372544151e-01
5.13276986706022e-01
3.55295333647295e-01
-4.55271347536255e-01
3.23642222825959e-01
2.87216003086577e-02
-3.18548497355362e-01
8.24222340887433e-01
-1.57685287615214e-01
-3.58560390817863e-01
-5.69744643869175e-02
-1.23947613269882e+00
-2.89983551316698e-01
5.62954467482260e-01
5.99595748610220e-01
5.23468627529266e-01
-4.15635324734983e-01
-3.42692514936886e-01
-3.30984441492034e-01
6.56454273374690e-01
-7.44071854116560e-01
8.00210949415529e-01
6.48389130334505e-01
6.57748630597793e-01
-1.21664884584643e-01
6.15585184895421e-01
3.92208241239850e-01
3.47451620218097e-01
8.32203176407408e-01
7.56931989485145e-01
4.76633556813914e-01
-4.26386509705036e-01
-2.65746018772768e-01
-5.05142297798621e-01
5.32454309527479e-01
5.14272732169341e-01
5.45454091352636e-01
2.93774942004541e-01
-6.88900670592237e-01
6.11329076140483e-01
4.59562517982545e-01
-3.76058973888764e-01
4.08000589427680e-01
3.05945980759214e-01
-3.40165640609173e-01
6.33044052695026e-01
5.81033492361488e-01
3.82336369914397e-01
1.51357587337308e-01
-1.65648837483854e-01
3.30058598716006e-01
-2.68668185080010e-01
-5.22010210220566e-01
-7.39674558431531e-01
1.61508615389525e-01
4.42744537405972e-01
9.15558244014317e-01
5.77852099492752e-01
-1.22972325449628e+00
-1.00788330828120e-01
4.66478397441198e-01
4.04134514236678e-01
-1.34653646362711e-01
-1.50657260430534e-02
4.04906128324296e-01
-6.75652340580358e-01
-2.53344618664985e-01
5.93863816978854e-01
-1.09074977410469e+00
3.90033665301955e-01
6.85205999337482e-01
3.25896359068535e-01
-7.78639017951368e-01
7.35591170937444e-01
-4.43441292320687e-01
-4.28769509958139e-01
3.12838845184068e-01
1.76003974369676e-01
3.50731760793992e-01
4.86381768939116e-01
9.35917926591777e-01
-2.20765028138905e-01
8.70845269426236e-01
-4.11158994532772e-01
7.59030615989052e-02
-4.94341192410594e-02
2.57996595067897e-01
2.48364999417467e-01
1.13999275113189e-01
1.37912469539806e-01
1.76710646249901e-01
2.27770403829762e-01
1.90742546648811e-01
1.37335097603685e-02
3.21422275007979e-01
8.72021085088645e-02
2.53656263674249e-01
8.46598645691389e-02
3.10876097032185e-02
-1.23520743867902e-01
1.83035131952725e-01
1.13339551525994e-01
-6.49648726993686e-02
3.02778475138405e-01
5.42281380223317e-02
3.09262098856938e-02
2.93377755518912e-01
3.05090703915171e-01
1.22504032615122e-01
4.62975956390374e-02
2.83394644128935e-01
-1.89748700288830e-02
3.03791377153301e-02
1.50838589503543e-01
-2.07446114676383e-01
1.62092565428287e-01
6.26702942758512e-02
-3.69799410586489e-01
1.60060351675571e-01
-3.90731914271220e-01
-2.74166643974315e-01
1.57323718914476e-01
2.89388108361925e-01
2.66354854048434e-01
2.74885049150771e-01
1.80449902958185e-01
2.98496118358568e-01
2.20979739293988e-01
1.26425625131856e-01
3.00725688025591e-01
2.49291723861728e-01
2.66802778245558e-01
1.98290113150721e-01
3.03898740991054e-01
1.87639209667559e-01
2.03921725273138e-01
1.53831760967797e-01
2.67193456261506e-01
1.17759556874089e-01
2.60036289718558e-01
1.31447479442004e-01
2.59362927127037e-01
1.65611106500507e-01
-5.11374420535678e-02
1.40746103506338e-01
2.48301782882671e-01
2.12171184363752e-01
1.13828845626482e-01
-7.09603441860412e-02
2.76318903410734e-01
-3.02762804488428e-01
1.91983870280942e-01
1.23702319986280e-01
1.71957448275124e-01
-1.38764917453937e-01
-9.15829229117110e-02
1.54611778831965e-01
-1.54807954737977e-02
1.69559047235808e-01
1.72275851941323e-01
4.96973429332584e-02
-3.22425076953309e-01
-7.33240151074612e-02
1.34666082861627e-01
2.69708642120866e-01
1.63734150954879e-01
1.71516918537266e-01
1.40920414482757e-01
-1.88721920441963e-01
1.76196251379741e-01
2.88765176110797e-01
3.06954510187979e-01
-4.37609008308254e-02
2.33992111743031e-01
2.51938060189902e-02
2.58965764977513e-01
2.90892200132247e-01
2.39806052960102e-02
7.21767450438704e-02
1.73284710292292e-01
1.90728649729853e-01
-8.35478720064134e-02
2.45483266753794e-02
-1.37312096790363e-02
1.24220784302535e-01
1.76024050174223e-01
1.54360298717633e-01
2.12913799898594e-01
1.19356733701185e-01
2.43368081342470e-01
2.56677219223057e-01
-1.05121816957345e-01
2.79207945191280e-01
2.92758754542890e-01
3.17525265790202e-01
1.71406568489544e-01
8.68536795167415e-02
4.53543361903740e-03
1.64196418341396e-01
1.53507393105012e-01
1.88008677308592e-01
1.71082221248616e-01
-8.80840298046549e-02
2.61131874014640e-01
2.22456519634989e-01
1.53389106101757e-01
6.54263327021130e-02
1.66226889514517e-01
1.62804613514979e-01
8.73974846892928e-02
3.76630884329820e-02
2.53284852816242e-01
2.85739774268377e-01
1.45400761420140e-01
2.45609261517755e-01
1.67753316758740e-01
1.61536421612681e-01
2.37790759390980e-01
1.69919407092949e-01
-3.24922259727307e-01
1.79920143284659e-01
1.14675224673008e-01
1.83257940501163e-01
2.64444100652677e-01
2.34039622274224e-01
2.48740511505741e-01
1.96876688426441e-01
-4.02142285548277e-01
2.00860637508764e-01
1.80010661305291e-01
1.99301954457985e-02
-3.33954367182971e-01
1.94958567279172e-01
5.40415117231771e-02
5.46138831710134e-02
1.44518877867511e-01
1.77637253233985e-01
-4.04333942536264e-02
-2.35868680013182e-01
8.70716183224648e-02
2.83453912055726e-01
7.76762349866291e-02
-3.71724033081936e-02
-5.79214982313429e-02
2.99324507847054e-01
5.83676332029381e-02
1.33561290202705e-01
2.30755135829187e-01
7.91655452645506e-02
1.24346309255292e-01
-7.54655603472495e-02
1.11286409673307e-01
2.61906674261716e-01
-1.48777272490209e-01
-3.74494635723235e-02
1.57470733782091e-01
4.27845610164887e-02
-9.68277305300878e-02
2.84601271452135e-01
1.16151476301667e-01
1.29332769774392e-01
2.43287378830509e-01
2.06057382169111e-01
1.56394406805570e-01
1.44041690122198e-01
-4.49830372358685e-02
1.64700509072909e-01
1.91386466935294e-01
-1.04657167915931e-01
1.88412788384964e-01
2.02919701540188e-01
2.41329643543091e-03
2.63463819611640e-01
2.68004497938140e-01
-6.56542515501542e-02
1.16403468185973e-01
1.38075976530617e-01
-1.93809807221068e-02
2.89914570764785e-01
1.76562354591925e-01
2.67317417187081e-01
2.01140716984431e-01
2.29954466274988e-01
-9.44410254232777e-02
2.95654860004730e-01
2.66423013104710e-01
-1.40770755966737e-01
1.02127982814498e-01
2.90166331029850e-01
2.06693615047619e-01
9.97609219258920e-02
2.03571545834450e-01
2.65583516061401e-01
1.28698756408941e-01
4.65931815862216e-02
9.06345769217200e-02
1.70692121912221e-01
-7.38373255102645e-02
1.72157546208172e-01
2.92343083134996e-01
9.21303731330391e-02
2.00562193466122e-01
5.78721614289642e-02
1.41167608000699e-01
-2.15153601888146e-01
-1.10293732656804e-01
6.84631846594951e-01
5.71888637719598e-01
2.10782707486905e-01
1.63542049047502e-01
2.67355310300055e-01
4.38372791848121e-01
3.62656422463603e-01
-1.39319527521683e-02
5.86008156482951e-01
5.59334502040617e-02
3.07426160933100e-01
3.69293105241447e-01
-2.37489109750099e-01
-5.40117515052111e-01
-3.66056510159406e-01
-6.28094925939029e-01
-1.57350090870603e-01
4.01160460800820e-01
-6.32549453229272e-01
-9.06669230382963e-01
3.94847018743756e-01
6.38434435027188e-01
2.74812987310474e-01
3.96266690656216e-01
3.21165454744641e-01
-7.51437884953955e-01
-1.08768573460442e-01
3.37647134996434e-01
-6.20028040303662e-01
3.90712346949644e-01
-6.59928143509695e-01
-5.97908819369461e-01
3.08636662208821e-01
-8.53684259312193e-01
-1.36481654406717e-01
7.76075144769357e-02
5.62410060054844e-01
6.46522243199875e-01
5.43995603495411e-01
4.72700417063165e-01
4.22329651094017e-01
4.43447150412524e-01
3.42943035012496e-01
3.96315804062573e-01
4.68158902020436e-01
6.94826360981020e-01
-1.10387306109879e-01
7.86433047424220e-01
2.20687099347199e-01
4.28402416616820e-01
2.54757979511975e-01
6.42731852382169e-01
1.80066354065974e-01
5.39872038377261e-01
3.05063812534691e-01
7.46511973279327e-01
2.74983847977457e-01
-2.63064147513116e-01
-6.59345577129023e-01
5.79072328103943e-01
4.65898156892812e-01
-6.69087247152621e-01
-3.39520084170351e-01
5.03230545109339e-01
-4.42339646551741e-01
9.48931859457592e-02
-6.44680554001437e-01
8.75567518307040e-02
-2.97884253049357e-01
-7.48703225907104e-01
4.66943982583500e-01
-9.50509831754689e-01
1.78025712929548e-01
2.71588262209287e-01
-6.90519173121231e-01
-3.66176184085637e-01
-8.63399999064522e-01
-6.26336617693616e-01
7.54224732553119e-01
2.03003541556909e-01
1.22932812695928e-01
2.66392640598593e-01
-3.85726454513765e-01
2.53579550067669e-01
2.79368334292649e-01
4.52118487491934e-01
-5.44270787414909e-02
6.01992211806658e-01
-3.19420939686311e-02
6.67263594983980e-01
5.21143314944531e-01
5.24961852975498e-03
-6.08781014735761e-01
1.21330828200233e-01
5.95378247677502e-01
-3.48299078489697e-01
-3.38532715828692e-01
-7.28988692056539e-01
2.55504032161492e-01
3.09193426196006e-01
1.91490403709445e-01
2.76107398112365e-01
-2.06347344140241e-02
6.01480077810299e-01
5.69139796818158e-01
-1.74493199020997e-01
6.43264563452889e-01
6.09187313297914e-01
5.84963021511507e-01
2.82445581840336e-01
-2.02380803704535e-02
-9.45754229386185e-02
3.33482650571162e-01
2.75643303473598e-01
2.08038732797282e-02
4.69645953739155e-01
-1.07829772724184e+00
4.38134475864066e-01
2.94989094622667e-01
4.30879471723836e-01
-9.27167829270268e-01
3.14687421119955e-01
3.95214369567249e-01
3.68268203047377e-01
-1.18089965800688e-01
3.26127530501997e-01
4.93823398789658e-01
-5.99838858031098e-01
6.24042287743313e-01
-4.51146010618284e-01
3.23931138377132e-01
7.76598804546094e-01
-4.55414063497852e-01
-6.03780888372106e-01
-3.22224070569795e-01
4.69099227157616e-01
4.46629271157153e-01
5.26218777507401e-01
4.50008192635372e-01
5.39277863684224e-01
-2.34867797895801e-01
-1.92443450044812e+00
2.76090630525472e-02
-3.91259624182138e-01
-9.60553745310919e-01
-5.27562339046953e-01
-2.35029411006331e-01
2.14324088941962e-01
1.08069847461509e-01
1.25099868730449e-01
-4.72113753000237e-01
-7.28663708586981e-01
-6.76735593629828e-01
1.16214069902270e-01
6.47674210998300e-01
1.06187159154946e-01
1.05667111840686e-02
-3.66772746862195e-02
5.12705903976128e-01
1.60511404651787e-01
4.49104253364211e-01
3.63528407906515e-01
1.37632618344147e-01
1.56827467477542e-01
-1.18537501450990e+00
-6.26815085121864e-01
5.81703773548768e-01
-6.83609070593199e-04
-2.82868951633987e-01
2.16813839551102e-01
2.36038287147447e-01
-6.61965159067541e-01
6.68340016315159e-01
3.95873395896775e-01
2.00059108786421e-01
6.66304261457810e-01
3.52440329618756e-01
2.90116274053027e-01
-5.62611828156741e-01
-1.01505716922838e-01
2.70257281654010e-01
2.83694469027412e-01
-4.72447628775014e-01
2.87283405051130e-01
3.06334492839494e-01
-7.63534986983538e-01
5.10841180069662e-01
6.36451509781281e-01
-9.18751689515319e-01
3.69630081859733e-01
-1.10426356063941e-01
-2.03024347263931e-01
7.72483670084282e-01
1.43240708176458e-01
-5.80150722292956e-04
2.13226778537519e-01
4.55573242188854e-01
-6.05091158637093e-02
4.17803359132554e-01
6.71251408744118e-01
-1.18489002544457e-01
2.03728888051067e-01
7.63440183147823e-01
3.61413756347087e-01
1.69602106970079e-01
3.37935336788492e-01
5.39259475538236e-01
1.67017436811876e-01
-7.07661651661344e-01
-6.61065957109351e-01
4.63174621920601e-01
-3.04923275886392e-01
4.31122154152890e-01
4.34961599919272e-01
-1.89028149535619e-01
-6.17546724130889e-02
-1.32565610705310e-01
-5.75880617020685e-01
2.51988995838537e-01
1.39616362613247e-01
-9.11021845951325e-02
-1.01449411198083e-01
2.01106998305184e-01
1.50781635134965e-01
3.48000305660051e-02
-1.03315105944302e-01
-9.00321685183150e-02
2.31101886641324e-01
-4.62756372072481e-02
2.62867717377227e-01
-4.08475659472680e-02
2.52941211495352e-01
2.21964438928936e-01
1.73710079179334e-01
-8.55113051742954e-02
-6.44881964690451e-02
1.04807778840310e-01
-2.01521937489386e-01
-1.81397271475123e-01
-1.38865404717795e-01
-2.03702014755459e-01
-2.09316490284642e-01
2.05535927894260e-01
2.85918060631155e-01
-1.96592012610448e-01
-1.60499943088191e-01
2.54679164605615e-01
1.31852499680652e-01
1.87730456247040e-01
-2.34003878265263e-02
-6.25623181792573e-02
-5.95637380339280e-01
-2.46839874494732e-02
2.62852037688694e-01
2.46461289518415e-01
1.23657876952686e-01
4.10340015005862e-03
-1.01491423985490e-02
-3.41515176749077e-02
-1.40010811148726e-02
-8.19055362595678e-02
-6.09515730277849e-02
1.84786339441227e-01
-1.95752293802892e-01
-2.66677739695015e-02
-3.10723089111452e-02
-1.01694111950045e-01
-6.11472553509457e-02
6.57849112030690e-02
-4.70372668074596e-02
5.66134304034281e-02
1.43675085275094e-02
1.66777774091002e-01
-4.35791440606298e-02
1.48649088319057e-01
-2.84973513836601e-02
6.75435589047280e-02
6.34819438913621e-02
-8.75009226861719e-02
-1.27625538384272e-01
-5.77750587371882e-02
-9.76809915129924e-02
8.65163413689185e-02
-9.72992414635230e-04
2.51572002235606e-01
-1.14993198696930e-01
-6.95944809670233e-02
-1.25904997098545e-01
1.87906439031282e-01
-5.43259729584146e-01
1.38612728993485e-01
-1.97448729784605e-01
7.36726807349086e-02
-1.11561060955595e-01
-8.89811298909177e-02
2.69060653482659e-01
-2.82724943431597e-01
-6.80206078371474e-02
-5.34871784597470e-02
9.00154296885384e-02
-1.22611383601285e-01
1.51425845334630e-01
1.86300972724277e-01
-5.30827408817321e-02
-1.82971598485583e-01
-1.90015169362448e-01
9.61199413822542e-02
-1.07612802921106e-01
2.66539316740471e-01
-3.74461643731110e-02
3.52159474034839e-03
2.65483845976655e-01
-6.28114796481341e-02
-1.30307477992831e-01
4.99564521543329e-02
1.34712305888369e-01
2.53919289593937e-01
-1.36893821238461e-01
1.71300061407883e-01
-4.58645615424390e-02
1.12798376427341e-01
-5.87406036743681e-02
1.53135960946776e-01
-1.36779173018841e-01
-4.41104984457364e-03
1.68995799909340e-01
7.24575672743669e-03
-1.53706844371854e-02
-2.18228929022588e-01
8.32364389028870e-02
2.52034934367054e-01
2.25853744238338e-01
1.09989958227497e-01
-1.43912546896024e-02
-1.21551330514255e-01
-4.35714100041762e-05
-5.78928579752559e-01
-6.25802033113551e-02
-6.78035344048056e-02
4.74662312016025e-02
-1.54412875584632e-01
-6.62503025613284e-02
-1.79681347293047e-02
2.49572458691177e-01
2.30713473457855e-01
-7.83312345826474e-02
-2.30337770760925e-02
-7.16718176192056e-02
-8.57185533569367e-02
-6.66917623854006e-02
8.47566022973620e-02
-6.71290026425726e-02
-7.65348835565302e-02
2.50180117549231e-01
-6.55542411799376e-02
1.94644568901182e-01
-2.27172759513404e-02
-5.74499447319667e-02
-1.07935969068008e-01
-4.27421325362242e-02
-9.68621629727246e-02
-9.71744148159852e-01
-1.04731832415505e-01
-7.86930674556097e-02
-1.88077632013574e-01
2.52226187762537e-01
-8.59309097898691e-02
2.72410675360364e-01
2.71604544704045e-01
1.03846824323501e-01
-9.21320021779059e-02
-1.60990157670340e-01
1.93266010450190e-01
2.28705148153054e-01
-9.76313571105669e-03
2.67257996871770e-01
7.25136302081717e-02
8.62240089214308e-02
-1.23800501564600e-01
2.54430431555764e-01
1.57678651282171e-01
-7.98565087076491e-02
2.32596903869000e-01
1.71516384439131e-01
-6.28704355770049e-01
-6.18816945480906e-02
-9.69817345732218e-02
2.07943637820845e-01
1.40798980577639e-01
1.10602263837554e-01
2.62575153441160e-01
1.36676676928286e-01
-3.97517052957162e-02
2.36046568049544e-01
8.06549282233574e-05
-6.01484083328589e-02
-6.78134040552078e-02
-8.34260557173737e-02
-6.74440899033830e-02
7.57041005022892e-02
1.07330910610610e-01
-4.99521765860913e-02
1.48541947586143e-01
-1.45792174857105e-01
-8.32425170049352e-02
-1.22167650047125e-01
-3.13871032591490e-02
2.92426367113680e-03
-3.02465472930235e-01
1.83390573765504e-01
1.64312071778493e-01
1.39795180628151e-01
-8.27276434459789e-03
-1.40335727163855e-01
-9.70085254097730e-02
-5.43747572726851e-02
-3.14940057184412e-02
1.64994351012766e-01
-2.04285745283575e-01
3.56274503803521e-02
1.87598252069930e-01
2.19188425253249e-01
-5.27606651893085e-03
-8.37139807781744e-02
2.18320611519676e-01
-6.03726648890113e-02
-5.82284673974601e-02
1.75326596425778e-01
-7.38850371064261e-02
-6.50281172565309e-02
8.11027392519932e-02
1.42826881989892e-01
-1.14930139191469e-02
-1.77976373174824e-01
1.89070076005455e-01
-1.12860224154783e-01
2.69000716944152e-01
-6.59295657020696e-02
3.32446663478238e-01
-2.91133383436651e-01
-1.47224467452931e-01
-1.52438504517756e-01
2.02360662591673e-01
3.61739382474586e-01
1.58110156705624e-01
-8.92355546090880e-02
-5.43596420476876e-02
-9.67334889979136e-02
-8.82546449362646e-02
1.56644653215260e-01
7.10264702736912e-02
-4.58415237911739e-02
1.68164219943462e-01
-1.56088485746939e-02
1.52238759897947e+00
1.78546251504102e+00
-3.78475051068795e-01
-4.80003420677742e-02
1.95922334206008e+00
-3.90274364604538e-01
-1.36855387895324e-01
-2.12180238755667e-01
2.39829321384037e-01
-2.16232017233760e-01
-3.90616835056653e-02
4.94399522540970e-01
1.00451506088433e-01
3.25499765177938e-01
6.61553337201754e-02
-1.18196795870869e-01
1.79250527060199e+00
-4.04386801488625e-01
-1.84730045723266e-01
1.82355526424853e-01
-2.81051224838487e-01
4.35521331142340e-01
-5.73957413020128e-02
-1.59178495209293e-01
-2.18196890687782e-02
-1.94340438924854e-01
-8.87831174396632e-03
-1.31929388825062e-01
2.16003427359043e-01
-3.69593673659675e-02
-9.15777936897610e-02
-1.65900620506992e-01
9.74760251879175e-01
-1.53814713412557e-01
4.82192402908263e-01
-1.33397256716908e-01
1.17103270821645e-01
-1.62537507667875e-01
2.75618288267144e-01
-1.46839538598323e-01
3.23186327596885e-01
-2.62565577169653e-01
2.48899040121861e-01
-2.52699664402984e-01
1.59582293908325e+00
-1.14589450298353e-01
-1.93301060408551e-01
1.00144119595071e+00
-2.01284677694577e-01
-2.22013216841701e-02
-1.11283089585483e-01
5.36935164620928e-01
1.72763518352416e+00
7.63771785993528e-02
-1.49782620720953e-01
1.24782730660991e+00
2.03028968763655e-01
-6.28611443825794e-02
3.13140368518321e-01
-8.31802185806996e-02
1.97863925068900e+00
-1.69552512658054e-01
2.42459188950426e-01
1.78189311948233e+00
-2.72445946445066e-01
2.55964411070642e-01
3.74746730357050e-01
2.53086405106593e-01
-5.33223836617970e-02
-3.65336847212330e-02
-1.01478729808803e-01
-1.65133161620541e-01
-4.25747369465045e-01
-9.33910868985557e-02
5.58397341209056e-02
-2.00071564664528e-01
-6.77198802850154e-02
5.88648346997701e-02
1.78391174461310e+00
4.28046594460054e-01
3.09470520007032e-02
-8.65140221648887e-02
2.85054741238620e-01
5.86637130547153e-02
3.20564898484832e-01
-8.23902215027836e-02
2.00517686236136e-01
-5.27232966289583e-02
5.28728548233638e-01
-1.52953623260293e-01
-1.19474040754001e-01
-2.44098530525511e-01
-9.79374458996850e-02
-8.35467329626847e-02
-2.07611421784821e-01
4.37297244799266e-01
2.86365150429433e-01
-1.26327260428710e-01
2.83110277533803e-02
-8.70389787431235e-02
5.66375693110572e-01
-5.92987478105020e-02
9.08289110850427e-01
-7.59015360904749e-03
-4.22829766079599e-02
-1.24358494095152e-01
1.53663083221348e-01
-1.02144487580322e-01
-1.64064503506386e-01
3.88194614293515e-02
-8.54212887633108e-02
7.42005688945323e-02
-7.13305760028077e-04
1.72600987364341e+00
-1.47476245892788e-01
1.49778030491293e+00
2.99298438861740e-01
-2.52285457194202e-01
1.58223268709725e+00
5.08655691379210e-02
1.29543840819000e+00
1.48119666457929e-01
-2.39235825503567e-01
-6.55239322144079e-02
-8.42391083246514e-02
-2.11239407444960e-01
1.45426247211830e+00
-8.12098892140461e-01
6.91384629271682e-01
1.40313010179784e+00
-2.28447042258509e-02
-2.25786307280243e-02
1.39041930835816e+00
-8.94236903368756e-03
1.82904031536298e-02
3.93089595487748e-01
1.57321450151044e+00
5.45337996889290e-01
6.61577343446405e-02
2.50490896750998e-01
-1.49006531476013e-01
1.05613346627149e-01
-4.33430133883838e-01
-4.18182515597944e-01
-5.71066078609958e-02
1.16945968203940e-01
7.64578054654336e-02
-3.52326565593663e-02
2.85299890088416e-01
3.82929594828729e-01
8.24074114059871e-01
1.65105689538166e+00
-9.31750929843396e-02
-3.65311706102139e-01
-1.72030535577918e-01
2.68602921574062e-01
-6.00452270757190e-02
1.24390359871077e-01
-1.93209898327567e-01
8.03664280160841e-02
-2.54608486887288e-01
-1.96413602283190e-01
-7.15159993154707e-02
-1.16631575880901e-01
1.65875031878364e+00
-4.08274180180465e-01
2.61345428521501e-01
-5.01353570882995e-02
-3.65563415599633e-02
-4.40421279293385e-01
-1.17940052160490e-02
2.28224964336121e-01
-9.30297550463821e-02
-1.64197831327305e-01
6.09497189391245e-01
8.82125273803574e-02
5.01141835613860e-01
-2.29652371139445e-01
-1.14464900840911e-01
-2.68097825878092e-01
2.47048260851767e-01
1.92127419091338e-02
-8.51299808451945e-02
-2.83869191764642e-01
-1.42258015414122e-01
-2.15505091017373e-01
-3.09419465117416e-01
2.06404380042800e-01
-1.65052314202810e-01
-4.05152798283129e-02
2.32036823245875e-01
-1.24690757663742e-01
-4.87183673999568e-02
3.33579540367155e-01
1.41338311266993e+00
1.71030427273672e+00
1.83298953871355e-01
-1.72389204235540e-01
-2.85841949664248e-01
-1.34457106350506e-01
5.60637453700370e-01
8.00047429162186e-01
2.50759567138232e-01
1.72032694720550e+00
5.07334051978149e-01
1.36438503085197e-01
-1.64280759561033e-01
-1.18079389494247e-01
2.24393829265342e-01
3.62948017430034e-01
2.72057897839690e-01
7.06173794508253e-02
1.77860106720742e-01
2.80910501004079e-02
-2.46189111082558e-02
4.38118922060418e-01
2.68355226701610e-02
1.85971036220115e-01
2.35980181719856e-01
3.24666127788066e-01
3.31076298085827e-01
6.73693811675405e-01
4.88174326530932e-01
7.14791605761428e-02
9.22616112922335e-01
1.37354108134628e+00
1.24261684558251e-01
-1.69162165399373e-01
3.64942696788325e-01
-7.67813425126594e-02
-7.34053435774854e-02
1.69514736620012e+00
1.74529250649777e-01
1.85988913139862e-01
3.04538077304317e-01
3.61583593889133e-01
7.56368129965916e-01
-1.85962015199749e+00
4.75948145404212e-01
3.41948039786784e-01
-1.11555050486518e-01
4.84388051980276e-01
-1.58575326934077e-01
-3.81298918692110e-01
-3.24666316652127e-01
2.37621470721042e-01
5.88843124266951e-02
2.42473438047703e-01
2.64492302589345e-01
1.25298472175029e-01
-1.24281260059849e-01
-4.12256907673342e-01
3.60343008854474e-01
-5.04183125815045e-01
2.75833798447829e-01
1.71538175173208e-01
1.46328959141876e-01
-3.22932032828968e-01
1.87585972127462e-01
-1.17051525341297e-01
9.53660192628568e-02
-1.07443716426794e-01
1.03361685667274e-01
7.33346235824285e-01
3.11094337179607e-01
-7.71723741331324e-02
6.68099626571354e-02
5.39041034156635e-01
6.47159284046952e-01
-1.66691395092998e-01
4.54192557720036e-02
5.17463071892979e-01
5.37173541599160e-01
6.24565305746742e-01
2.00090202448296e-01
5.89668996456689e-01
8.94852529011428e-02
1.07400011393836e+00
2.78762463414918e-01
3.50535397952173e-01
1.24417606697048e+00
6.42877573998985e-02
9.79208264741796e-01
4.32724419091195e-01
-3.59882829276187e-01
2.83644432668064e-01
3.19211308311341e-01
2.16004543488774e-01
1.64513888287209e-01
5.62902272007810e-01
1.41459630299255e-01
1.31504421788814e-01
5.02128329016476e-01
-4.03363660569219e-01
1.15557047033058e-01
-1.69601180022985e-01
-7.42398229297019e-02
4.28213687500151e-02
1.07410822717382e+00
2.60960474141923e-01
2.08806390421773e-01
7.19044963496598e-02
2.07912914367090e-01
1.58784791173273e+00
2.42060511271934e-01
3.53830296881804e-01
2.76106503334097e-01
4.04716295180989e-01
3.53852792088647e-01
-1.44201392271698e-01
-2.68729897797777e-01
-1.57520228690003e-02
-2.46953987707998e-01
-3.25588570687847e-01
1.41310636140743e-01
1.35492339145907e-01
4.83976399608809e-01
3.09113911722203e-02
3.44261954341901e-01
4.33609349104104e-01
3.84334137498139e-01
1.27886773682027e-01
3.42438627259735e-01
-1.43981857703366e-01
3.06524576927714e-01
3.39597725337971e-01
1.10218261548521e+00
3.96458412312262e-01
1.80282409706417e-01
7.09029088240292e-02
2.57045977256250e-01
-2.47688417974646e-01
-2.58560404796605e-01
3.84558408494755e-01
-3.32910482360320e-01
4.41783465877533e-01
1.33496052670640e-01
-2.48764038892915e-01
3.64581740051788e-01
2.83805550098550e-01
1.88796175311898e-01
9.71539784331010e-02
3.56596741696542e-01
-1.13228496632983e-01
1.10376889831940e-01
6.22311477582325e-02
1.18434704294364e-01
-1.55042683672168e-01
5.52040395259238e-01
4.51664422171238e-01
1.03305539021951e+00
1.16453185344244e-01
2.75040501985255e-01
4.73657022032225e-02
1.64601058138036e-01
1.31463466034099e-01
1.66969236131065e-01
1.73649746162753e+00
8.24426557527992e-02
2.64958672161644e-01
-2.08942512660791e-01
3.67569131180000e-01
4.31268746287438e-01
6.35620980225449e-01
-2.12859244367544e-01
4.58841961766448e-02
8.99753886761084e-02
3.03574210562415e-01
2.14882234685478e-01
3.36913019555839e-01
2.38600211676646e-01
7.92243589106376e-01
-9.23403975342632e-02
1.07128719038481e-01
3.64361882639540e-01
2.95886196174088e-01
-1.23214447254222e-02
4.20090678243675e-01
-9.80198089536449e-02
3.86739107557804e-01
8.83459796555968e-01
-2.81056550239761e-01
1.15287284051185e-01
3.42693670876540e-01
4.96727230409215e-01
6.49263460006117e-01
2.99639442933931e-01
4.08935025997428e-01
1.75427140685131e-01
8.14259767687122e-01
2.08748166390596e-01
1.27937890037633e+00
-7.96498316154476e-02
-2.67401243556242e-01
8.19699790612160e-01
6.48814013549520e-02
6.29414906689954e-01
2.61041302668350e-01
-7.17820065125964e-02
6.47065663790419e-01
1.07350786573597e-01
2.96362373803233e-01
-5.84262334412785e-02
1.14615595604714e-01
1.99874547122915e-01
-3.47086108673888e-01
-1.63570530323836e-01
2.16626144098505e-01
-3.81284978607078e-01
4.26692717769556e-02
2.96669075401172e-01
4.51755280056579e-01
-4.71734093805636e-01
3.35303185791507e-01
1.15542960981215e+00
7.58383579725319e-01
3.23576715261134e-02
9.65108212152291e-02
3.63427614622074e-01
-8.24834051710262e-02
4.49842801676349e-01
4.19032213543334e-01
3.45192215509890e-01
4.35841103039277e-01
-2.55825632022487e-01
-1.64452633454857e-01
3.42797587262117e-01
3.08732417357004e-01
-1.91948530988355e-01
-1.49931976557871e-01
8.18470780853423e-02
3.59955560770757e-01
3.49382185264559e-01
-2.28222293861648e-01
2.85026371918510e-01
-3.42642643068378e-01
4.30884546943472e-01
-3.24212640973439e-01
-1.54240334019583e-01
-3.22282673029248e-01
4.56149651005736e-01
4.75562590241126e-01
-1.41068398901161e-01
5.47049849004793e-01
1.45991973495158e-01
2.87531850879453e-01
6.13703367423791e-01
5.41195706427244e-01
-2.98953399809256e-01
-3.19673095002167e-01
6.48353233921722e-01
3.87275160731197e-01
-1.68668387471654e-01
-8.59274204475868e-02
-3.03369660244410e-01
8.56006633160833e-02
5.23365501436290e-01
6.02937474742108e-01
2.83009275209918e-02
-5.11584278388148e-01
-4.94265530885194e-01
-1.16959039848669e-01
3.80113917388752e-01
4.16962987578267e-01
5.38664964506377e-01
1.64201668363205e-02
3.70590538389375e-01
1.12618999303566e-01
-2.47146680445523e-01
5.48426981376428e-01
2.99047764511187e-01
4.83858643331154e-01
4.93808259357620e-01
4.88094312722672e-01
-1.83403040906744e-02
1.72169786175426e-01
7.12368264487897e-02
4.14073247821116e-01
-8.40147759514413e-02
2.79097941395634e-01
-6.26562266761391e-02
1.66412727745737e-01
7.75225003224158e-02
-1.65991330829794e-01
4.54633758798338e-01
3.64689890209930e-01
1.30960626358829e-01
2.95612279921833e-01
-1.83097040724365e-01
4.58580776147011e-01
-4.41372372220684e-01
5.08197707767079e-01
5.06421888277045e-01
5.48565690674378e-01
-3.71064724736560e-01
-4.77149399068938e-02
-1.36385624235708e-01
2.97812167125243e-01
-7.66720572702041e-03
4.41513221885259e-01
2.23243317842004e-01
-5.63089984466586e-01
-4.41884779929917e-03
4.89548707437984e-01
3.34711383929843e-01
-8.08715627004200e-02
5.58828355331214e-01
-1.71489652472743e-01
-3.73272958206005e-01
1.57353598526348e-01
5.72856147621482e-01
4.54840555820742e-01
-1.32687104698240e-01
5.04897968483280e-01
-1.43726507213772e-01
3.01097891531613e-01
3.29460718418602e-01
-1.49181675330597e-01
4.34288559485458e-01
5.92188444751866e-01
-6.21524779374241e-02
-1.28922229643722e-01
-4.92450571154630e-02
3.00932099101614e-01
-1.50407197254149e-01
1.61518836515491e-01
-1.09995004372132e-01
1.64331919868319e-01
-3.50320081284953e-02
3.35602733417497e-01
3.83672188892020e-01
-2.97487549001746e-01
3.72291280409762e-01
4.61335330008862e-01
4.82019825672258e-01
6.15575680914650e-02
-3.56915316161419e-01
-1.73500242813518e-01
-2.13577215464023e-01
5.73053639485670e-02
5.08406889336302e-01
2.92667777499429e-05
-2.54818138714532e-02
4.57272135010961e-01
1.92275568471663e-01
-1.00263094340577e-01
4.64175020320827e-01
1.97376165955844e-01
9.12026788626358e-02
-3.00540123112533e-01
-3.61997316951997e-01
5.82562454429725e-01
5.13317690051808e-01
4.77106820867997e-01
3.82868609146103e-01
4.16262011085612e-01
3.83123847404482e-02
2.79244063894747e-01
4.50988574160309e-01
-5.35628704134127e-01
4.31694231565552e-01
-1.84437834033123e-01
-3.76591903444754e-04
3.91015174980231e-01
3.15484573090827e-01
9.93991764281638e-02
5.18866648912297e-01
8.40326258881394e-01
4.57482087148455e-01
4.20908541298635e-01
3.20274337384474e-01
-4.20814514685574e-01
4.65510047774444e-01
-2.57603292947100e-01
-2.69034882961755e-01
6.86582843399391e-02
4.93950270603484e-01
2.15168649364155e-01
-2.29333214057947e-01
-1.50185441523422e-01
3.47350215128518e-01
-3.80143856881219e-01
-8.33066873716951e-02
-3.14028409789223e-01
5.43715977940366e-01
-1.56430987744936e-01
-1.48123208269206e-01
1.93744961895474e-01
-1.99928411697342e-01
-1.49256588219787e-01
-1.19670225308356e-01
4.60344185859081e-01
3.91982274057973e-01
-4.78505983819344e-01
-3.31639832525556e-01
-1.01644905943746e-01
-2.24107101952712e-01
-1.85614534308972e-01
3.24513708669919e-01
-3.97065476431085e-01
-8.70784029971771e-02
3.62196890957830e-01
2.75496696351945e-01
2.82052818880705e-01
4.50979983048652e-01
-2.38910360664122e-01
-1.44969303682140e-01
1.70858763225148e-01
-1.87873899101408e-01
4.00172964607580e-01
3.75546518245864e-01
3.82296768067503e-01
3.58102420521878e-01
3.75515653973919e-01
2.21951641093323e-02
-1.94403864523553e-01
-2.18989249715480e-01
-1.92771477331496e-01
4.50537510799166e-01
5.48823365992498e-01
5.63785020078924e-01
2.91631895321242e-01
3.13231902317184e-01
-3.49850275201991e-01
5.61556912987015e-01
2.96374400880296e-01
-2.08605143582016e-01
-2.04276545672112e-01
4.71269686143859e-01
3.29267380545245e-01
-2.04670134917465e-01
1.52998174492778e-01
6.11931869527993e-01
-2.16666851596656e-01
4.54519642434898e-01
4.98142583973775e-01
1.45491807915096e-02
-1.74204123272462e-01
-4.30355791434091e-02
5.33600604350909e-01
-5.18468947273952e-02
5.29302010756558e-01
-2.56751138074738e-01
4.63019647160273e-01
6.69631894388698e-01
4.84683593176935e-01
3.18102220801199e-01
2.85391875429046e-01
6.63581360961841e-01
4.95694000325160e-01
4.51311665722911e-01
2.45709002461649e-01
3.31879499900105e-01
7.27181417225425e-01
-4.36207416717629e-01
6.91998467701743e-01
2.82770245081179e-01
7.16084988791550e-01
6.51713660690711e-01
3.27437302871022e-01
-5.40070675924347e-01
-4.77272401194530e-01
4.61138555622594e-01
-8.89341036733792e-01
-7.31260761157599e-01
-8.37486963304337e-01
-8.71372050502599e-01
-1.00755865163441e+00
5.73003844922921e-01
8.38790785379728e-01
-8.09546496570236e-01
-6.72472831367098e-01
7.38952003219337e-01
4.55472616349098e-01
1.34162390333948e-01
4.09028490363031e-01
-4.84098484820828e-01
-5.06287395951643e+00
4.24762575924652e-01
-2.71066057500737e-01
5.79056759236114e-02
4.53559932089314e-01
-1.56589548691991e-02
3.02021141128173e-01
2.40001457642894e-01
3.95297564364820e-01
-4.33094200771122e-01
2.80891169271553e-01
5.37455464074833e-01
-8.44309595866818e-01
3.58600422676906e-01
3.35171007455721e-01
-5.76576799965028e-01
-4.63765208178483e-01
3.27328791695844e-01
3.58442545103172e-01
5.39127129725375e-01
3.01556176022800e-01
6.26369010897297e-01
3.62377590182329e-01
5.45784138324010e-01
2.86121532555330e-01
4.88271911219760e-01
5.11955087188409e-01
-5.82196651765456e-01
1.68225012622975e-01
3.37380359137290e-01
-6.69987353540364e-01
4.79750719022100e-01
2.07660406368706e-01
4.77481412446716e-02
-5.73873045469580e-01
-5.18400777168451e-01
-5.16300278098221e-01
2.93369800858303e-01
-2.42894632305458e+00
5.00465727596677e-01
-9.47522245020811e-01
4.68322310831617e-01
2.38243126925547e-01
-5.02659297891792e-01
-1.88878945225254e-02
-1.45519757397942e+00
-5.31602355553644e-01
3.83278926062454e-01
4.52525808639933e-01
-6.06268089009903e-01
5.32999321405548e-01
1.35582411670790e-01
3.02650921050676e-01
-7.46080200558284e-01
-8.90308646882456e-01
5.89126026310301e-01
3.34545837135989e-01
8.17984457769078e-01
3.48378073454570e-01
4.53776377445378e-03
7.77344125692977e-01
-4.68146726268678e-01
-6.49434961656716e-01
4.06452903598142e-01
4.28560723819035e-01
7.67621527730740e-01
-7.25031582472501e-01
5.29970110874151e-01
3.77278258731240e-01
5.19796557871926e-01
2.83092402836912e-01
5.45726168555763e-01
1.55219377262543e-01
3.35326387405797e-01
4.40366912348822e-01
1.64859104153607e-01
-2.14511895545800e-01
-9.61136461433193e-01
3.84080441455744e-01
5.97929251076602e-01
6.94398611971571e-01
5.44090177856753e-01
4.09130049598155e-01
-6.53297251242475e-01
4.15157020404439e-01
-2.60539836490379e+00
3.63110750179467e-01
2.64893345581714e-01
4.56903846587149e-01
-9.13774896903352e-01
3.53301997713086e-01
4.37142849760580e-01
7.31142393503792e-01
6.77069738558503e-01
3.99893537582448e-01
-1.82908580699814e-01
-5.40762651467710e-01
3.44444555267479e-01
-5.04065959296225e-01
4.90340684155540e-01
3.48022170568511e-01
-5.36790975432885e-01
-1.86091268540528e-01
-4.92016619048474e-01
6.01295566805757e-01
3.63516912140941e-01
3.36727437748031e-01
2.15242294293655e-01
2.77531987727984e-01
-6.05399477279698e-01
-5.07659894688369e+00
-5.78340635821952e-01
-5.50651230267727e-01
-1.00978541779099e+00
-4.71246304674689e-02
-5.60671161471080e-01
8.01519445218349e-01
7.87159028316937e-01
5.38801816050716e-01
-5.92111649385680e-01
-8.08720045710873e-01
1.95316941365075e-01
6.87296154731692e-01
1.91283444023401e-01
6.50794790020888e-01
5.42824256753704e-01
4.79489039793889e-01
-6.01304153803566e-01
7.56931452240762e-01
6.06753183451074e-01
2.24413411031655e-01
6.25598866427298e-01
5.34721074329891e-01
-3.01871127759109e+00
-4.89632473991450e-01
2.94000370763961e-01
2.99341598650213e-01
3.79132926418723e-01
5.13828243496776e-01
7.65761850749482e-01
3.21318092202345e-01
3.09736884259916e-01
5.96521877130517e-01
4.10408514447097e-01
4.05223264569159e-01
3.30634835084572e-01
3.33685793806418e-01
-4.88783234642903e-01
5.16043550004133e-01
4.57559548634064e-01
3.44940035265298e-01
4.14880083009922e-01
-7.04763515087901e-01
3.12588486290960e-01
-7.19374995066447e-01
3.44398164950065e-01
2.66505233239474e-01
-1.62406255724785e+00
6.57923121014895e-01
4.68615804543214e-01
4.68399623597686e-01
7.74928899511437e-02
-6.22041774926445e-01
-3.61933358294592e-01
3.24641682058765e-01
3.76649556898868e-01
3.68028033330552e-01
-8.55878963930218e-01
2.78652575405985e-01
5.04141069688200e-01
6.88591482209235e-01
1.82360971714998e-01
3.23072253320039e-01
6.45471635895356e-01
2.88652643990071e-01
4.36750388600720e-01
5.04434783649668e-01
-4.99795138629417e-01
-4.82085406911319e-01
4.75332186117292e-01
5.19653355140306e-01
4.07813175115732e-01
-8.55344691135453e-01
6.00600610608609e-01
-6.27048707732140e-01
7.17178178933962e-01
-5.11542557353403e-01
2.06734900367820e-01
4.31448708579341e-01
-6.81644711395630e-01
-6.79958757319485e-01
-1.30517263869219e-01
-1.73161492162256e-01
-1.27641287224394e-01
-6.23966731195507e-01
-5.29227524440676e-01
2.25758781738470e-01
-6.24390553171690e-01
1.01416949448275e-01
-6.14936781274005e-01
-7.86490831780838e-02
3.34965586073495e-01
8.70441112908055e-01
-7.11207712545773e-01
-7.21915937170737e-01
4.29525831675813e-01
-7.28668594764572e-01
-8.08353797374664e-01
-7.42500297853594e-01
-7.39512222570462e-01
-7.41099574375987e-01
-7.21883053722498e-02
1.13208314784420e-02
-6.99886870901855e-01
-7.92865185779104e-01
2.44875917396662e-01
-2.72219226692751e-01
1.26332623446045e+00
-5.25846650601478e-01
-7.88412276928149e-01
-2.11517097394739e+00
-5.46883878875064e-01
1.96716883271426e+00
1.24822139082823e+00
-1.57142368703630e-01
-5.30855639945444e-01
-5.79647738092034e-01
-5.70743208403082e-01
-5.56472764592440e-01
-6.49130544540963e-01
-6.37524867744993e-01
-1.65703155983173e-01
-6.94695815868078e-01
-6.65054548244213e-01
-5.59622620973780e-01
-6.92578931106472e-01
-6.04938232485935e-01
-3.09954616825309e-01
-5.92185118095473e-01
-2.44342066835543e-01
-4.83788620112497e-01
-1.41623864649244e-01
-6.53469732862639e-01
-2.28249665030540e-01
-6.75446732485881e-01
-3.39910566247585e-01
3.87496567669436e-01
-7.95793105937427e-01
-6.73399280308046e-01
-6.44422769548471e-01
-7.82087757830816e-01
4.43905154817199e-01
-5.38337729246464e-01
1.47224845384003e+00
-6.79177234402558e-01
-7.63122709100480e-01
-6.97793576276760e-01
8.80669450683393e-01
-8.27763645189036e-01
-3.51497327319213e-01
-7.34381288041001e-01
-3.06678341182439e-01
-6.07058225801422e-01
-7.54874491158617e-01
1.51220051989640e+00
-7.35643789347941e-01
-7.84666869382081e-01
-6.72600238869095e-01
-3.44191433921220e-01
-6.93800995808008e-01
-2.47575968920784e-01
1.07684942426673e+00
-5.96335132494430e-01
-6.74170632929273e-01
-7.28062259587139e-01
3.04098341016039e-01
-6.63464057595926e-01
2.24704076587533e-01
-6.59741057770479e-01
-5.22011152767337e-01
1.98908135051346e-01
-7.52019129959739e-01
-7.24887973263263e-01
-4.12412324163445e-01
5.57639142132743e-01
3.28988419921316e-01
-7.16296087169441e-01
-1.92838453486446e-01
-5.90187842036139e-01
-3.06853288482334e-01
-6.33132650692303e-01
-4.64640782442179e-02
-6.70862898988962e-01
-5.60331766274827e-01
7.07206809576837e-01
-5.05453384488703e-01
-5.74905307716373e-01
-7.17974764861265e-01
-3.06386844332994e-01
8.95041432653009e-02
2.82860699287453e-01
-3.38528139607464e-01
-4.91689708377422e-01
-7.23339217433022e-01
-4.12837933761805e-01
-8.32237352487791e-01
-6.34168752232455e-01
-6.52529277605167e-01
-4.15600855223975e-01
-7.91780659966387e-01
-5.46905798908342e-01
-5.27943345559661e-01
-1.27564238668009e-01
2.09810668281580e-01
-6.09874185825745e-01
-5.90682229021841e-01
-7.80103561717145e-01
-6.46427051496671e-01
-7.14991969215316e-01
-3.17866372181503e-01
-6.86457296877138e-01
-7.27021268134324e-01
1.67333132605833e+00
-7.05862222049142e-01
-1.80403292870650e-01
-6.21446041309979e-01
-6.40520200790133e-01
-6.30173753018463e-01
-6.93191654503196e-01
-7.71004472437921e-01
-1.02054554942225e+00
-6.93603821185241e-01
-7.23726881180962e-01
-7.23749757858328e-01
1.66045118687298e+00
-7.34770526756142e-01
3.22390249112756e-02
1.07252763535124e-01
-2.45789618686394e-01
-7.67586430139030e-01
-7.69771759417018e-01
1.21047958595591e+00
5.37316125108294e-02
-5.55763841790738e-01
4.03036085096091e-02
2.68223603853889e-01
3.19375839010336e-01
-6.83869306746603e-01
9.83389248364685e-02
-3.02204848379380e-01
-6.71548729329040e-01
2.15521834171917e-03
-9.16410601176862e-02
-8.22652978979643e-01
-7.43376481791070e-01
-6.74262595672203e-01
8.97781644341081e-01
4.94936787841777e-01
-3.01730953749246e-01
8.04843081341891e-02
8.75450963816508e-01
-6.55559966272365e-01
-1.05937093948061e-01
-5.75938186388889e-01
-6.61942378707813e-01
-5.78513852994660e-01
-5.69002377869136e-01
-7.06592631948685e-01
3.08621320702161e-01
-3.17698890095410e-01
-5.66019152698623e-01
8.12516370245783e-01
-7.43706272549907e-01
-5.93026728170518e-01
-7.40858794655006e-01
-6.12918598515058e-01
-5.28580422422700e-01
-6.93088083435142e-01
-2.75104879184428e-01
-6.23683826405835e-02
4.47607596911200e-01
-4.17236343535228e-01
-7.29205038641382e-01
-6.31296331564891e-01
-5.84585461930093e-01
-6.48516323344432e-01
7.06979045854465e-01
-6.96302709643434e-01
-5.07372843539264e-01
7.58560595861538e-01
-6.03682565363187e-02
-4.63943089586406e-01
-5.52030414959360e-01
-1.42467856713714e-02
-6.56732295341756e-01
-5.74642219803340e-01
-1.36712530617975e-01
-7.56839190674714e-01
-7.48556019692651e-01
-3.84679841117529e-01
6.29487037495248e-01
-6.09725902313906e-01
-7.09588257706195e-01
1.29441939533375e-01
-7.26259476694371e-01
1.61600716335833e-01
-7.40065233525218e-01
-5.77229002264374e-02
1.37160846914419e-01
-1.37337617476235e-01
-2.26936621166496e-01
-2.37372048068713e-01
-3.27985219503303e-01
-3.49710660780334e-01
-5.08031380354041e-01
-5.32642263979403e-01
2.38049266545136e-01
3.97531564540880e-02
-1.56369786209453e-01
-3.40060492067636e-02
-1.68272114430821e-01
2.45582258140476e-01
5.51960578649570e-01
4.57568819080277e-01
5.18394446856291e-01
2.06562973970899e-01
1.09122769511101e-01
6.78515478116230e-01
7.30949485339699e-02
1.96080869920396e-01
8.21185374790421e-02
-3.33025962764882e-01
1.43515581990678e-02
2.21084725603495e-01
3.89046500826120e-01
1.73392793163737e-01
-3.69164322922034e-01
7.30088561239297e-01
-5.35444264722747e-01
5.46300024419098e-01
2.38203965165428e-01
-5.32155209049798e-01
9.47270573777917e-01
6.99849084776635e-01
-3.60340487340622e-01
-9.36162276980305e-02
-1.07521693848880e-01
-1.99384710773802e-02
-5.81477635293918e-01
1.84764292530633e-01
-4.50752764163331e-01
-3.55407397260868e-01
1.35660715451764e-01
-1.12873720643023e-01
-6.06860079189835e-02
3.91115909289787e-01
1.54850095606667e-01
-4.25109689218055e-01
-4.67626887757535e-01
-2.42582678217693e-01
-7.85136512042033e-02
-1.95874397662670e-01
-1.31072200976177e-01
-2.75008928993636e-01
-2.76627764184909e-01
-2.95550230555518e-01
3.14660584359982e-01
5.21113726159990e-01
-2.90411365273907e-01
-3.74177820628241e-01
4.86854029499491e-01
2.91201977632580e-01
-5.99870970718324e-02
8.34285876097243e-01
2.77109601649603e-01
5.13189362975692e-01
2.15341069556344e-01
5.57486205372089e-01
5.63795577114954e-01
-4.00628076291178e-01
1.45984322716794e-01
-3.36608808430201e-01
-4.69163072083945e-01
5.47485037415455e-01
7.88314292174494e-01
-2.02702358229140e-01
5.14430855490931e-01
-1.55815898683960e-01
-3.74075906878295e-01
3.32025732730456e-01
-3.67914147371164e-01
6.22726307742059e-01
-4.64407222157213e-01
1.60150939059964e-01
6.98603196369646e-02
2.80110975593909e-01
-3.74526813890582e-02
2.06357313911964e-01
-1.47763313332849e-01
-1.02173423967866e-01
1.88057956323033e-01
4.95606664398304e-01
3.43873295032005e-01
-5.01130220070546e-01
5.21192017757367e-01
2.54417247890518e-01
2.43527782079498e-01
-3.14634977607416e-01
-4.76957116631823e-01
-3.20977125101992e-01
-3.65350659533644e-01
-1.87491687000496e-01
-4.18331075222555e-01
-6.42801961866560e-02
5.29960005997398e-01
-1.30255781974715e-01
5.85531252932386e-02
1.35503592335486e-01
-3.53846371871695e-01
-2.17720054809214e-01
2.23076889214116e-01
-3.68422009285072e-01
-5.74112066597360e-01
3.30445146952304e-01
-5.78087152899623e-01
4.51925767225317e-01
-7.30809304819306e-03
-3.08741870515652e-01
-5.26282534896721e-01
2.16486929488703e-01
-5.28345147269609e-01
-5.54247926713753e-01
-2.18260694844626e-01
1.18276098049034e-01
1.02980634471942e-01
1.07555594679394e-01
4.99959062204489e-01
-1.12491028426434e-01
4.64900390912573e-01
-2.93753654353516e-01
-1.75314089830842e-01
4.67553518722284e-01
7.82963475826991e-01
4.07521436847927e-01
-3.00558810118097e-01
-5.04806387330770e-01
-6.67221911528104e-02
-5.13371774023256e-01
-3.38316722376603e-01
4.24663597601770e-01
1.35929131929111e+00
2.86548539300706e-01
4.17898400572215e-01
6.27625337067141e-02
9.09247896496941e-01
4.09115359177557e-01
-2.39493097252322e-03
2.34486011587438e-02
-2.23125101461679e-01
4.53645690579928e-01
2.14496086770019e-01
8.35199664314211e-01
-1.02237730321483e-01
-2.03267223511715e-01
-1.88722132184871e-01
2.56564602920436e-01
2.09708435798605e-01
3.72219563145245e-01
1.38311567468491e-02
-3.03540126708154e-01
-3.38949560197105e-01
-1.81786180234487e-01
-2.88444422368527e-01
6.96442015255657e-01
4.91275553592312e-01
-1.22404830311983e-01
5.16651903398325e-01
2.66501413362720e-01
-3.28297336327702e-01
6.96790694781985e-02
5.88157475577397e-01
-1.68186168972078e-01
-3.68990636834845e-01
-3.67985609243013e-01
-8.28885339851973e-02
-5.04110125026169e-01
-4.91605557352791e-01
4.97675578427175e-01
2.50692051029816e-01
-4.05012997859330e-01
-4.53318829519424e-01
6.06094713482064e-01
8.64048112079028e-02
-4.83348427819126e-01
2.46656948271415e-01
-7.04552493309296e-02
-1.26937065340349e-01
-2.06063009834549e-01
-2.64991249641422e-01
-3.48800853561168e-01
2.48436283058108e-01
5.23962789815629e-02
1.88615692101255e-01
1.89009924318687e-01
-3.61311063588618e-01
-7.53475446872363e-02
4.49660151680676e-01
1.64612423665885e-01
-1.58977409946793e-01
6.92109159925075e-01
-2.08158204525466e-01
-9.69733563701192e-02
-5.38607777481684e-01
-2.00384697121811e-01
-4.63160722825219e-01
7.39990218636553e-02
-3.49316378806997e-01
4.17711710051881e-01
5.19100689064135e-01
-3.51899772075578e-01
5.99242437381273e-01
-5.16170314817948e-01
1.03524654542962e-01
-8.06732529599071e-02
3.21045624191540e-01
-2.13442219096943e-02
5.04222166302527e-01
-9.93611812858633e-01
-1.41323494302556e+00
-5.21696299668279e-01
-5.28541632830483e-01
-8.55339303562489e-01
-8.23736439032169e-01
-7.20451116596937e-01
-5.74213675778354e-01
-6.19515352417187e-01
-1.17608442704051e+00
-1.53659219168656e-01
-9.74206843191196e-01
-4.58239396229547e-01
-9.54358260019000e-01
-1.14500580137097e+00
-1.87594393187215e+00
2.35508306154389e-01
4.65960182104701e-01
-1.41407866573632e+00
-6.67645557307678e-02
1.11570502881198e+00
8.92491786949448e-01
-1.73283078082068e-02
-2.04113825632097e-02
-8.95281443246254e-01
-1.03125061087979e+00
-6.64808991023571e-02
1.02583501553936e+00
-1.08914799634314e+00
-7.93828297800736e-01
-2.31290281973886e+00
-6.83028074821837e-01
7.00466794533542e-01
3.22066316744206e+00
-6.60927793852466e-01
-3.23254272250437e+00
-2.61438960280110e+00
-8.04780493243697e-01
-2.53235108144674e-01
-3.68402649573081e-01
-3.19047312437129e-01
-6.71940028460487e-01
-2.13778261441552e-01
-6.01065350428537e-01
-8.56906448291295e-01
-8.96240796372200e-02
-4.60832916085417e-01
-3.64336223264127e-01
1.36677978437792e-01
-8.20125914660316e-02
-7.68380121016282e-01
-6.31348706658735e-01
-7.27454874650070e-01
-3.45867373775194e-01
-8.28728035630200e-01
-4.66590721752896e-01
-8.12671510470291e-01
-4.90093963313848e-01
-7.29294292328135e-01
-1.33005502960294e+00
6.12988894641698e-01
-5.44952036522297e-01
-5.96655428446478e-01
7.35207929497467e-01
-1.42788205759699e+00
-3.18676367875255e-01
-2.73298975639643e+00
7.81635960073466e-03
4.88389042359595e-01
-6.63412326219258e-02
-2.01237486621729e+00
2.03439533601986e+00
-7.80968217517825e-01
1.01568489640404e+00
-7.39496301837085e-01
-5.36640499799907e-01
9.31600635563088e-01
-2.85267885697480e+00
1.33961572459762e+00
4.88379658243292e-01
-4.54089269992078e-01
-7.47612040693446e-01
1.97585127971943e-02
-7.98262907557351e-01
-2.24323462040565e+00
-6.24077491505820e-01
-7.50461933987914e-02
-6.10003906265313e-02
-1.25831600100505e+00
-5.12046473466566e-01
-1.07640619742328e+00
-4.72696433166537e-01
-2.73290077693269e-01
-1.07832566603688e+00
6.04990962912064e-01
5.36474238579036e-02
-7.25065273878444e-01
-1.64265329948856e+00
-1.06368436895220e+00
8.92774043314844e-01
-8.38825971988605e-01
-6.35388868586317e-01
-7.67280575443203e-01
-5.95956554728433e-01
-8.59848066422078e-01
-5.45558743354138e-01
-3.95204987380230e-01
-1.80198094872213e+00
-3.15817679769914e-01
-1.58321054149904e-01
-3.12476206422539e-02
-7.57461347710062e-01
-9.67714698613050e-01
-1.19188171515148e+00
-7.71282644167863e-01
-6.74922823819076e-01
1.30587210989584e-01
-6.92868953028966e-01
2.12356221651758e+00
-4.48889345637955e-01
-5.80152511284457e-01
-7.44379875038092e-01
9.10066387053610e-01
-6.33652865824251e-01
-6.62117282758259e-01
-9.09789544773943e-01
-1.16130434092548e+00
-4.35220617125713e-01
-1.83158516614476e-01
4.43293200856090e-01
-5.16116688204627e-01
2.67923576175289e-01
-7.55836652537517e-01
-5.45270148106807e-01
3.02938835392144e-01
-2.94928721399675e+00
1.80290487724313e-01
-8.67354712495669e-01
-6.50125185113278e-01
-4.64633098580656e-01
-5.67053193619183e-01
-5.19775672833622e-01
2.48765378432282e-01
3.31916385450516e+00
5.26375073421786e-02
2.65780062662325e-01
1.02029807601877e+00
-2.91633611664238e+00
1.91786870863480e-01
-9.90819695179841e-01
-1.02230738350707e+00
-7.64866961589467e-01
3.92239939652184e-01
1.03436347100702e+00
-2.32486982789949e+00
-9.33254363367094e-01
-3.37116749018662e-01
-9.83639023898734e-01
-1.25433445291534e+00
-1.36732406362327e+00
-8.19122445466421e-02
-9.73902287289415e-01
-8.11052841305741e-01
-5.76804898890396e-01
-9.27765233895867e-01
-8.67531120391030e-01
2.41338463521680e+00
4.69391775913028e-01
-5.02538115828336e-01
-2.11140859646081e+00
-1.57971682955293e+00
-7.75026195117195e-01
-1.03651346705646e+00
-1.81459682525169e+00
-4.20924766180934e-01
-9.19449172677162e-01
-6.88756328279409e-01
-5.02407906037271e-01
-6.13021140255942e-01
-6.05444850223364e-01
3.43850244960143e-01
-1.31782475707600e+00
-7.73488012079781e-01
-6.33793025440928e-01
-1.79154228939373e+00
7.39032870039900e-03
-5.92279568856218e-01
8.52392941866423e-01
-4.37353543633643e-01
-3.56890681733739e-01
1.39059532421204e+00
-8.26817172796799e-01
-8.44624560175368e-01
-1.43980149937544e+00
-2.46573569126464e-01
-7.22950285648317e-03
-2.38391708496901e-01
-5.97812643561391e-01
-5.12875080343825e-01
-1.81450766660194e+00
-4.84306964789118e-02
-3.57938454393948e-01
-1.87630735538794e+00
-8.84665902724432e-01
-2.77080142228897e-01
-6.04196071929932e-01
-9.11167193531380e-01
-5.98735832511262e-01
-4.11392030815665e-01
-8.46191724698630e-01
8.01288729795709e-01
5.82442200059355e-01
-7.39277478806945e-01
-1.65924369044457e+00
-6.47018567173041e-01
-6.15222300178672e-02
-9.18529891370933e-01
1.51146139971528e-01
-9.98736992447269e-01
4.11340841822524e-01
-1.67313164202232e-01
-3.09107633685180e+00
-1.98744152310722e+00
-1.64999195435412e+00
1.13466856564519e+00
4.89085299718096e-01
-3.65069248262124e-01
-1.80436590147948e+00
1.37983635171416e-02
7.77664943061175e-01
-5.26347365757277e-01
1.02130395460005e+00
1.27930701286752e+00
5.78265123083031e+00
2.34899405344236e+00
-3.25026213259631e+00
