 1545 
 5416 
 8941 
 7377 
 4924 
 8760 
   36 
  425 
 1625 
 5818 
 8975 
 4262 
 2941 
 1993 
 7273 
 9637 
 7866 
 4935 
  598 
 1726 
 5584 
 2680 
 1796 
 5541 
 1954 
 1742 
 9172 
  616 
 2689 
 7312 
 8574 
  209 
10115 
 1014 
 8082 
 8972 
 7394 
 8066 
 1832 
 9441 
 4174 
 3667 
 4964 
 8849 
 7320 
 2428 
 4983 
  215 
  465 
 3380 
 6653 
 3699 
 3206 
 9293 
 3287 
 6428 
 6591 
 7500 
 2540 
  392 
  318 
 6173 
 1179 
 5242 
 8672 
 1928 
  634 
 3338 
 6531 
 3266 
 5757 
 6534 
 2808 
 8651 
 1463 
 7402 
 3438 
 6013 
 3708 
  739 
 5054 
 2410 
 6788 
 3931 
 5946 
 4546 
 2775 
 2001 
 7144 
 2557 
   22 
 2004 
 4101 
 1748 
 4910 
 6915 
 7453 
 3433 
 4325 
 9043 
 4564 
 6131 
 4131 
 3028 
 9546 
 6986 
 5101 
 3882 
  249 
 4570 
 1423 
 1554 
 1767 
 8389 
  610 
 7853 
 9203 
 5939 
 7223 
 6916 
 9108 
 5530 
 8981 
  314 
 4173 
 7310 
 6766 
  455 
 7931 
 7713 
 2055 
 4114 
 5770 
 6355 
 4285 
 5652 
 6571 
   33 
  758 
  652 
 7822 
  770 
 6276 
 9052 
 7727 
 6983 
 8902 
 8713 
 7605 
 8345 
 5247 
 3296 
 8460 
  790 
 9094 
  720 
 2883 
 7048 
 1008 
 3766 
 2236 
 8176 
 2703 
  451 
 9477 
 5777 
 5605 
 7038 
 3968 
 3684 
 4036 
 9834 
10130 
 7758 
 9057 
 8887 
 6598 
 7531 
 4891 
 6799 
 7055 
 7408 
 9090 
 9587 
 7622 
 3901 
 1251 
 1487 
 6586 
 7106 
 1565 
 2386 
 5558 
 4148 
 6171 
 4604 
 7576 
10042 
 3941 
 5245 
 3985 
 8252 
 9837 
 8403 
 6128 
 9528 
 1436 
  116 
 2250 
 3400 
 7007 
 7512 
 1770 
 8641 
 1222 
 3004 
  102 
 4462 
  894 
 9016 
 8246 
 5944 
 3542 
 4738 
 2010 
 1997 
  664 
 9960 
 9228 
 4844 
 1311 
 3539 
 2096 
 9510 
 9082 
 8168 
 9060 
 6564 
  922 
 9302 
 1038 
10227 
 1308 
 5579 
 4185 
 3312 
 5104 
 2119 
 2316 
  265 
 7154 
 2031 
 9379 
 5177 
 4121 
 2649 
 6895 
 1316 
 2858 
  749 
 8059 
 8241 
 4093 
 8498 
 3725 
 5178 
 5088 
 5231 
 3009 
 9678 
 4894 
  940 
 7921 
 1433 
 1974 
 9716 
 8205 
  480 
10069 
 9000 
  869 
 7303 
 7864 
 8507 
 3308 
 1670 
 6644 
 1718 
 6796 
 4112 
 2620 
 8554 
 5662 
  190 
 4657 
 6870 
 2251 
 6464 
 9318 
 2238 
 1385 
 9164 
 8553 
 1409 
 1514 
 7854 
 4977 
 6082 
 4253 
 9722 
 3222 
 1169 
 2163 
 8361 
 1239 
  493 
 6436 
  368 
 7602 
 8944 
 4800 
 9329 
  658 
 1125 
 4427 
 7428 
 7873 
 3416 
 4916 
 1059 
 2658 
  576 
 6960 
 4655 
 5236 
 4717 
 3749 
 9550 
 6234 
 9001 
 4998 
 5260 
 9738 
 8223 
 3848 
 6917 
 1201 
 5505 
 7102 
  374 
 2829 
 5503 
 4407 
 2926 
 1390 
   74 
   91 
  517 
 4264 
  609 
 1093 
 4434 
 6046 
 3349 
    8 
 1421 
 3973 
 4829 
 9288 
 4553 
 9223 
 5094 
 9600 
 1162 
 7732 
 6433 
 8878 
 8818 
 8030 
 1885 
 1495 
 2544 
 8534 
  257 
 7584 
 3335 
 3877 
 8798 
 3407 
 9726 
 6715 
 1827 
 5934 
 6369 
10148 
 3321 
 6806 
 7902 
 1641 
 1534 
 6224 
 2708 
 5234 
  701 
 9152 
 2732 
10006 
 6411 
 6450 
 8691 
 6270 
 7738 
 8471 
  311 
 5230 
 7505 
 2371 
  545 
 2143 
 5525 
 3477 
 9746 
 3647 
 8526 
 9292 
  387 
 2018 
 6069 
 6671 
 6410 
 2765 
 5474 
 7353 
 1978 
 1516 
  418 
 7650 
 4946 
 9104 
 3960 
 2170 
 1120 
 9683 
 6024 
10060 
 8052 
 3142 
 3279 
 8512 
 9721 
 4139 
 7655 
  671 
 1313 
   83 
 5555 
 1737 
  830 
 1268 
 9105 
 1745 
 7795 
 1254 
   94 
 2484 
 4420 
 8623 
 9243 
 6724 
 3989 
 5015 
 3964 
 1107 
 6748 
 9575 
 5943 
 1873 
 9353 
 8648 
 6439 
 3247 
 1635 
 5344 
 5634 
   21 
 8522 
 2362 
   96 
 9804 
 1301 
 7691 
 1145 
  909 
 6689 
 8010 
 8759 
 5654 
 5710 
 3277 
 8215 
 8406 
 7445 
 8256 
 3243 
10123 
 3043 
  747 
 8766 
  506 
  232 
 1556 
 5500 
 1402 
 8517 
 1831 
 4699 
 9371 
 5214 
 1616 
 3006 
 2104 
 6740 
 3540 
10133 
 7834 
 8380 
 7254 
 3743 
 6402 
 1356 
 2256 
 6399 
 3990 
 6706 
 9274 
  578 
 6739 
 4847 
 8899 
 2608 
 9707 
 1962 
 2777 
 9715 
  489 
 2771 
 3523 
 1655 
 3801 
 1760 
 8930 
 4192 
  341 
 4824 
  126 
 9121 
 4883 
 9949 
 2870 
 2697 
  191 
 6592 
 6020 
 9066 
 5064 
 8667 
 1030 
 8908 
 6844 
 3361 
 3088 
 3900 
 8728 
10065 
 1006 
 9556 
 8741 
 3302 
  117 
 5592 
 9413 
 3154 
 5664 
 5659 
 9762 
 2350 
 5055 
 1119 
 6016 
 2679 
10038 
 9610 
 9785 
 9078 
 5661 
 3293 
 1529 
 6034 
 4372 
  248 
 5473 
 5318 
 4556 
 9631 
 2473 
 4234 
 7250 
 7971 
 2423 
 1124 
 3874 
 8750 
 9137 
 3811 
 4199 
10012 
 1061 
 7258 
 6828 
 5019 
 6681 
 1264 
 5335 
10067 
 8179 
  122 
 3508 
 5666 
 9891 
 6089 
 2627 
 5157 
 5320 
 2072 
 2400 
 7942 
 8572 
 3806 
 7496 
 6087 
 2347 
 9398 
 4170 
 2286 
 8795 
 3713 
 8824 
 3505 
 7183 
 2292 
 8952 
 9187 
  941 
 7202 
 9894 
 5259 
 9039 
 9013 
 1365 
 9384 
 8587 
  166 
 6255 
 9781 
 9917 
 5981 
 8756 
 3301 
 7570 
 2997 
 9675 
 9788 
 4027 
 4808 
 6520 
 5773 
 7976 
 6866 
 1648 
 8095 
 8188 
  499 
 3831 
 7558 
 7574 
 3512 
 6317 
 3328 
 6826 
 7418 
 2094 
 3984 
 5226 
  995 
10034 
 6976 
 2105 
 6908 
 4261 
  976 
 1453 
  184 
 4269 
 6821 
 2041 
 3830 
 1720 
 4516 
 4226 
 4031 
 9973 
 4971 
 2274 
  699 
 8559 
 1859 
 7053 
 2129 
  713 
 4313 
 8473 
 5360 
 7063 
 1601 
 2784 
 3140 
 4400 
 4597 
 4159 
 5900 
 8577 
 4457 
 2684 
 3189 
 3453 
 3716 
 9346 
 5334 
 3209 
 1964 
 3012 
 2653 
10110 
 4260 
 6719 
 8171 
 2022 
 5381 
  628 
 3008 
 2963 
 2804 
 6168 
 4281 
 6194 
 2848 
 5582 
 8721 
 6548 
 5302 
 7278 
  570 
 6937 
 3555 
 9183 
 8799 
 7134 
 5085 
  764 
 2273 
 6085 
 7211 
 8733 
 3095 
 6312 
 4178 
 4761 
 4959 
 1666 
 1284 
 5647 
 7900 
  670 
10007 
 9968 
 1904 
 2396 
 7852 
 4097 
 2145 
 8962 
  977 
 3546 
 6936 
 5559 
 7528 
 6995 
10045 
 3949 
 2568 
 7523 
  242 
 6478 
 1910 
 3220 
 4273 
 1984 
 4287 
 3802 
 3945 
 6278 
  607 
 9286 
 1510 
 7162 
 2420 
 6817 
 5983 
 9248 
 3111 
10102 
 9133 
 2392 
 4593 
 8791 
 4784 
 7391 
 2866 
 5725 
 4628 
 9233 
 7409 
 7765 
 8408 
  236 
  104 
 1076 
10246 
 9768 
 2167 
 8702 
 8040 
 1283 
 8993 
 7672 
 8144 
 5610 
  226 
 7588 
 9508 
 5213 
 1817 
10183 
 5256 
 6453 
 1122 
 1669 
 7224 
  273 
 1919 
 3263 
 8404 
 7274 
 3373 
  860 
 6211 
 9688 
  182 
 9499 
 8129 
 1075 
 7416 
 6150 
 2257 
 7501 
 7669 
 2521 
 1956 
 3027 
 3482 
 3490 
 3076 
 3173 
 7159 
 1267 
  299 
 2613 
  614 
10026 
 8191 
  744 
 3885 
10125 
 1410 
 7589 
 3421 
 9922 
 1482 
 8003 
 9594 
 4736 
 7632 
  766 
 3405 
 8382 
 5107 
 2644 
 5804 
 8990 
 5008 
 4485 
 8058 
 7124 
 9321 
 6039 
 2642 
 9317 
 9671 
 3837 
 5996 
 9360 
 2398 
 3738 
  421 
 6566 
 4436 
 5009 
  777 
 8384 
 9100 
  612 
 8050 
 6864 
 5744 
 8720 
 8985 
 7856 
 2874 
 7510 
 1540 
 3991 
 3406 
 3260 
 3519 
 4004 
 6397 
 1053 
 5593 
 8646 
  481 
 2710 
 8937 
 3050 
 1378 
 8722 
 5465 
10140 
 2271 
10010 
 1172 
 8678 
 2370 
 5729 
 2952 
 7186 
 4602 
 5644 
 8939 
 9059 
 5464 
 5499 
  147 
 3082 
 9049 
 9976 
 1518 
  890 
 5200 
 9114 
 4790 
 7701 
 9966 
 4167 
 7004 
  831 
 8135 
 6632 
  662 
 8891 
  175 
 5689 
 2044 
 7392 
 8488 
 4947 
 5887 
  463 
 3754 
 1692 
 2188 
 5599 
 3408 
 4339 
 1389 
 7368 
 3079 
 4823 
 4291 
 1653 
 1226 
 5469 
 3596 
 1047 
 5676 
  172 
 8143 
 3015 
 5311 
 2089 
 2655 
 6202 
 8428 
 2009 
 8931 
 2381 
  840 
 8541 
  471 
 5609 
 9249 
 7210 
 3081 
   84 
  885 
 6614 
 1355 
 5982 
 1563 
  702 
  106 
 5350 
 6640 
 1877 
 1174 
 2295 
 1595 
 1331 
  987 
 1040 
 6035 
 4323 
 1419 
  630 
 1847 
 7490 
  848 
 1003 
 1555 
  125 
  272 
 4419 
10204 
 6849 
 3169 
 3669 
 2200 
 4363 
 2063 
 4028 
 7405 
 9639 
 7763 
 7458 
 6166 
 4541 
 5098 
 9190 
 8630 
 7227 
 4280 
  229 
 3372 
  254 
 7824 
 7736 
 1480 
 3183 
 2017 
 5853 
 7232 
 8286 
 5601 
 1663 
 3445 
 2199 
 4322 
 2289 
 8879 
 6490 
10124 
  992 
 7234 
10198 
 1825 
 9278 
 3993 
 3351 
 7860 
 6214 
 8357 
 4356 
  677 
 5380 
 3285 
 8967 
 5988 
 8735 
 1988 
 7585 
 3750 
 8445 
 7297 
 6261 
 6114 
  468 
 8399 
 3930 
 1576 
 8360 
 9337 
 6342 
 5017 
 7737 
 4636 
 9021 
 5090 
 5232 
  727 
  898 
 4832 
 2978 
 8165 
 9558 
 8208 
 2413 
 6857 
 2549 
 2056 
 4788 
 7706 
 8989 
 3777 
 9555 
 5668 
 7877 
 9633 
 8481 
  179 
 8299 
 9356 
 5243 
 5391 
 4094 
 4932 
 9718 
 7435 
 4475 
 4398 
 9664 
 5521 
 4605 
 5337 
 8684 
  733 
 3685 
 5576 
 6672 
 4505 
 2985 
 3707 
 2048 
 2820 
 7543 
 2825 
 8600 
 9616 
 6425 
 7838 
 5074 
 8138 
 8947 
 3053 
 7988 
 1037 
 4290 
 3518 
 1019 
 7156 
 8683 
 7791 
 5093 
10064 
 5763 
 1980 
 5733 
 2480 
 8186 
 5523 
 7288 
   71 
 8557 
 2003 
 9930 
 5574 
 3569 
 6027 
 6122 
 2569 
 2668 
 2725 
 9220 
 6485 
 9449 
 3236 
 8495 
 1562 
 5251 
  143 
 6517 
 7731 
 8704 
 3379 
 5535 
 4207 
10196 
 5557 
 8108 
 9826 
 9213 
 6972 
  224 
 6749 
 9391 
 1507 
 7899 
 4038 
 5111 
 2102 
 1422 
 7554 
10033 
10247 
 1485 
 1667 
 1276 
 2622 
 4687 
 3611 
 7229 
10205 
 8004 
 2905 
  934 
 6204 
 1671 
 7073 
10002 
 4360 
 7012 
 6048 
 6984 
 2869 
 5489 
 1074 
 1592 
 9974 
   50 
  897 
 3199 
 6854 
  584 
 7841 
 9229 
 3587 
 1247 
 9695 
 7130 
 7462 
  399 
 5434 
 5193 
 8995 
 2865 
 3666 
 5105 
 3401 
 2888 
 5091 
 1207 
 5519 
 7393 
 8584 
 2525 
 9421 
 1028 
 8837 
 7302 
 6247 
 6474 
 2939 
 8661 
 7869 
 1524 
  700 
 7537 
 3529 
 9054 
 5092 
 3498 
 3040 
 6079 
 2696 
 7006 
 4856 
 8524 
 9990 
 9670 
  353 
 1400 
 9376 
 4401 
 1570 
 8182 
 8638 
 7456 
 4787 
 4047 
10242 
 1395 
 9450 
 9033 
 6486 
10088 
 2555 
 9284 
 3384 
 2687 
 9621 
 2666 
 1602 
 5949 
10238 
 1890 
 2233 
 6284 
 3072 
 3485 
 9625 
 2112 
 3663 
 7205 
  679 
 8816 
 8451 
 3388 
 9536 
 2692 
 2335 
 6043 
   78 
 1582 
 6156 
 8114 
10128 
  594 
 3317 
 5348 
 7946 
 8865 
  989 
   17 
 8893 
 1351 
 4037 
 9320 
 9898 
 1957 
 7096 
  985 
 8809 
 9476 
 6603 
 2762 
 2451 
 6795 
 2524 
 8617 
 2716 
  786 
 7910 
10021 
 6824 
 5978 
 3578 
 9622 
 3018 
 8119 
 4904 
 9940 
 2713 
 3598 
 9787 
 5304 
 3210 
 1363 
 8627 
 5838 
 6037 
 4966 
 6142 
 9895 
 5851 
 2281 
 5671 
 7940 
 6303 
 2979 
 3486 
 3999 
 1855 
 3252 
  915 
 4523 
 7922 
 7140 
 8779 
 9458 
 2831 
 1644 
 2478 
 9548 
 8693 
 9843 
 4364 
 2384 
 6379 
 9934 
 6879 
 4075 
 5432 
 9095 
 9041 
 8312 
 2461 
  206 
 4640 
 3629 
 8146 
 2033 
 6274 
  723 
  604 
 6139 
 4760 
  567 
 9676 
 3240 
 2611 
 6195 
 2792 
 8535 
 2731 
 6023 
 9037 
 3316 
 8839 
 7753 
 6634 
 4368 
 4399 
 9401 
 2972 
  348 
 2894 
  204 
 3233 
 1414 
  366 
 6554 
 7218 
 4007 
 6466 
 1995 
 6783 
 3374 
 9430 
 9661 
 8686 
 3579 
   44 
  177 
 3657 
 3530 
 7556 
 6160 
 5040 
 1580 
   34 
 6097 
 3744 
  675 
 8219 
 6153 
 5462 
 5772 
 8494 
 4055 
 4371 
 1842 
 1519 
 2508 
  823 
  560 
 9838 
10245 
 8331 
 7668 
 9652 
 4520 
 9002 
 2840 
 5843 
  769 
 1728 
 4152 
 6296 
 7870 
 3627 
 1970 
  949 
 9597 
 1819 
 2958 
 6629 
 8619 
 4137 
 2242 
 5743 
 3395 
   39 
 9110 
 6032 
 8187 
 3065 
 3845 
  731 
  141 
 4701 
10217 
 3479 
 2652 
 7688 
 3998 
 9169 
 7304 
 2728 
 2405 
 1552 
 1111 
 7196 
 5881 
 9127 
 8448 
 4846 
 4918 
 4882 
 2633 
 9620 
 1304 
 9524 
 7887 
 4618 
  710 
 2442 
 5210 
 8152 
 2465 
 2327 
 7631 
 4537 
 1704 
 7700 
 6328 
 6601 
 6900 
 2408 
 6968 
 6206 
 8649 
 3396 
 6382 
 1440 
 9755 
 1372 
 8714 
 3560 
  244 
 5492 
 7734 
 1729 
 8410 
 3525 
 4008 
 5911 
 3729 
 7220 
 1676 
 3914 
 2239 
 2174 
  168 
 8928 
 3133 
 8604 
 1416 
 4596 
 4216 
 8754 
 9383 
 3679 
 2136 
 4242 
 6630 
 2637 
 2099 
 6964 
 8396 
 1384 
 4267 
 4720 
 8265 
 2471 
 2476 
 5459 
 1341 
 1380 
 9931 
 5382 
 7046 
 7577 
 6751 
 3746 
 6500 
 8979 
 9634 
 5823 
 5877 
 8562 
 9986 
 5562 
 6118 
   62 
   79 
 8705 
 6569 
 3089 
 4228 
 5368 
  785 
 6642 
 1781 
 9030 
 6743 
 3926 
 6889 
 3249 
  497 
 5233 
 4085 
 5149 
 3215 
 1863 
10151 
 9854 
 7457 
 5119 
 4203 
 2896 
 3676 
  972 
 5879 
 8183 
10210 
 4714 
 9602 
 3575 
 9134 
 8496 
 5619 
 4804 
 4747 
 4917 
 2638 
 9825 
 2923 
 9856 
 6092 
 3112 
 2223 
 2346 
 8753 
 7593 
 2034 
10156 
 6684 
 1142 
  372 
 5411 
 9700 
 4868 
 7532 
  111 
 4534 
 3670 
 7566 
  402 
 9760 
  529 
 1908 
 5446 
 4664 
 3942 
 3026 
 2876 
 4779 
 8595 
 2460 
 1420 
 9053 
 5903 
 4471 
  773 
 8044 
 7652 
 1013 
 6392 
 2630 
 6713 
 5977 
 6898 
  419 
 7666 
 5087 
  565 
  631 
 6943 
 9392 
 5561 
 9336 
 3339 
 2587 
 8242 
 7386 
 5353 
 7638 
 4893 
 7192 
 9779 
 8888 
 4693 
 2879 
  406 
 2538 
 5438 
 8502 
 4659 
 6498 
 7702 
 6790 
10103 
 8111 
 6096 
 9020 
10023 
 4617 
10137 
 2375 
 1703 
 4045 
 7582 
 9605 
 9841 
 1353 
  774 
 6536 
 6319 
  776 
 6049 
 4927 
 2803 
 4821 
 8679 
 7475 
 3234 
 7317 
 4016 
 4502 
 4464 
  538 
10025 
 7678 
 4843 
 9071 
 1909 
 4601 
 7747 
 4756 
 9144 
 2411 
 2300 
 7174 
 6395 
 1048 
 2455 
 4236 
 3794 
 3610 
 2595 
 1943 
 4476 
 1197 
10040 
  441 
 5403 
 9517 
  263 
10163 
 4106 
 6186 
 6763 
 6493 
 4572 
 2656 
 1920 
 6988 
 7300 
 1348 
 5395 
 8680 
 8033 
 2491 
 4782 
 8346 
 9245 
 9905 
 9004 
 6521 
 6507 
 7911 
 6636 
 8662 
  380 
 7802 
 5415 
 4974 
 2545 
 3561 
 2068 
 7981 
 3091 
 4755 
 3468 
 7792 
 4402 
 9474 
 4039 
 8216 
 9933 
 1034 
 5863 
 5303 
 8747 
 4945 
 9305 
 9102 
 4413 
 1530 
 3496 
 4168 
 5539 
 1880 
 5755 
 3068 
 3844 
 2445 
 5908 
  134 
 9988 
 4150 
 5681 
 2343 
  211 
 2586 
 4743 
 4454 
10046 
 5715 
 7148 
 7920 
 7626 
 6688 
 4465 
  800 
 7042 
 1923 
 6491 
 9875 
 1322 
 2304 
 6300 
 7597 
 6848 
 9442 
 1509 
 2767 
 8953 
  375 
 5034 
 7925 
 4140 
 6333 
 3665 
 2252 
 5596 
 7690 
 6384 
  842 
 5078 
 5842 
  881 
 1177 
 6251 
 7161 
 3589 
 7773 
 3147 
 8663 
  752 
 9861 
 3668 
 3170 
 3268 
 5195 
 9097 
10179 
 9265 
 2934 
 9361 
 2647 
 1744 
 4142 
 7008 
 5219 
 9493 
 9177 
 4020 
  144 
 1427 
 5995 
   72 
 6110 
 9938 
 5463 
 1413 
 6830 
10126 
 2311 
 7461 
10235 
 2434 
 1631 
 9080 
 6604 
 7587 
 7919 
 9570 
 6696 
 3810 
 1083 
 2477 
 4182 
 9270 
 5225 
 8826 
 1272 
  363 
 9847 
 3700 
  133 
 2745 
