-0.237177889533856
0.561696311702335
0.499002453699393
0.634574481051181
-0.810835861388579
-0.987659469792511
0.243055669558426
0.563691632889669
0.798055205125181
-0.451632086808264
-0.437949622613182
0.307588168504489
-0.273899817605228
0.122845436818459
-0.482107817244219
-0.990947882715229
-0.126574576721027
-0.219769906694535
0.570896762021041
0.488081140744784
0.604327146779827
-0.813349249242213
-0.952455922087287
0.277921790501925
0.494567053177258
0.792433988496027
-0.435814608153823
-0.438108513642590
0.296112817734210
-0.264771493910613
0.124215228360157
-0.484190394222404
-0.982982104476684
-0.141771935926044
-0.185628676167932
0.584354536498733
0.455519493556341
0.576946993548468
-0.810536148564783
-0.878749453847511
0.327658710416837
0.403987539894863
0.778036050138601
-0.401555174840159
-0.438932301845323
0.271910761321682
-0.249418122104610
0.130881348197685
-0.486500325141294
-0.973895538923187
-0.162899546631685
-0.138920252106811
0.589972321390962
0.401678048122139
0.547781656420219
-0.794067686019487
-0.768746100431122
0.381907730843593
0.324653589788720
0.754049960214115
-0.347411965587399
-0.439628700103096
0.238330826356253
-0.229439687428058
0.145123181470683
-0.488678300728493
-0.959410113291994
-0.185862849417747
-0.0846634265579310
0.572267753271317
0.329215173622518
0.504811102207535
-0.757111385954647
-0.634709113573911
0.434810710246133
0.256606070749807
0.721830936631605
-0.277483666638396
-0.438099729429541
0.194771369346275
-0.205129755434283
0.161688118877366
-0.488411995922823
-0.940952554898042
-0.208854369312607
-0.0272243932080611
0.523018523356330
0.239604643869003
0.444738086704009
-0.698777194546762
-0.490344396497971
0.481630567602051
0.189303204735358
0.683788688762732
-0.198388224346147
-0.433060615722658
0.139398616713909
-0.175714535052483
0.171754240888563
-0.484029073802950
-0.922730852657394
-0.229984141657203
0.0302370079586277
0.443523745935826
0.133275735567630
0.375572754253508
-0.623128515922295
-0.346675156756154
0.517161718362574
0.118850948163140
0.641345099328097
-0.115212950765645
-0.424978763244928
0.0757606236491714
-0.141099827999209
0.168758591254131
-0.476471183312266
-0.902348263513483
-0.245870751705159
0.0833527264985163
0.345360019206893
0.0128567911278461
0.306493004982374
-0.535563521544213
-0.214479387944300
0.536603267033488
0.0491794213187195
0.593945678966651
-0.0318193625815201
-0.414674186426528
0.0106007287258437
-0.103356245573429
0.150397198094561
-0.467316573014204
-0.872880285510215
-0.252118987153894
0.126277619758426
0.246843850271253
-0.115015306596844
0.242217529400503
-0.441645894507088
-0.102149901504277
0.538325364862422
-0.0137338889861449
0.540063196233447
0.0472028555475001
-0.401405838896860
-0.0506207064230577
-0.0660235258899758
0.118539492872769
-0.455747874913995
-0.829446594607545
-0.245158003041416
0.154753777802149
0.162370535938270
-0.240398148766475
0.184043221624151
-0.346668677942056
-0.0121635133262730
0.525228058421605
-0.0649850682757238
0.478948189845342
0.116606037329092
-0.382274723768408
-0.104260581537029
-0.0321069467774228
0.0774644859749447
-0.438110912039913
-0.770816968335920
-0.223982762622323
0.168203755807141
0.0973090512916063
-0.351770276227771
0.132807625657481
-0.254590305377817
0.0570155933312228
0.503359386271869
-0.100843221853213
0.411512473587884
0.172032316929114
-0.353087894583572
-0.147235274059539
-0.00296930090232897
0.0318632951475961
-0.409804210498470
-0.697650049529948
-0.190755769019492
0.168837742418840
0.0506764896000992
-0.438924858863960
0.0916506216262824
-0.167779770770999
0.108068149710370
0.478427703720323
-0.118053003842760
0.339793678272021
0.211009813237614
-0.310580598817751
-0.176407028981382
0.0212931615319186
-0.0141063177058217
-0.367884009462959
-0.610853644223319
-0.149976731491156
0.159559178464660
0.0189952819697132
-0.495837916657616
0.0714057727465410
-0.0876595754174612
0.143897707236849
0.452748673797631
-0.112384027990524
0.265960798142992
0.233163785304481
-0.254703802871468
-0.188859014377782
0.0410810258674919
-0.0570187652154320
-0.312318381984695
-0.509730506278467
-0.106705086278632
0.142527389364075
-0.00111590947238682
-0.520747947159238
0.101870030192107
-0.0154038028574960
0.167601965770451
0.424852163168070
-0.0752626849708497
0.191760139090033
0.239724878620374
-0.189124169386017
-0.183990383267269
0.0568633831868568
-0.0941279357969218
-0.245055262407499
-0.389240316265614
-0.0648667670331400
0.118571952605943
-0.0126948314106318
-0.515319427002442
0.220298350628746
0.0476487506968844
0.182462613604451
0.390037229108904
-0.00136982978902212
0.118535119036569
0.232989036568631
-0.120376965939159
-0.171869926034454
0.0690193636478776
-0.123498930250533
-0.168603954562594
-0.244374320704927
-0.0249855852054272
0.0928228222951618
-0.0187718573768978
-0.486577412917483
0.317934745960653
0.102453014184848
0.192330461115462
0.340851956129995
0.0522716983320831
0.0472601475150420
0.216827894473967
-0.0557703761653671
-0.162550244697935
0.0789986250704174
-0.144059117478674
-0.0854481305900444
-0.105993325371472
0.0156564435908641
0.0749442249934691
-0.0212055488537515
-0.440604224142568
0.337360965004501
0.150084310914979
0.201146134052289
0.271664532688988
0.0819885920647891
-0.0240618725522283
0.195708665844349
-0.000843794332668216
-0.134618273064011
0.0900423147606808
-0.155523644785344
0.00343721632997633
0.00314849135023313
0.0553315483051658
0.0738546430743883
-0.0227283705532422
-0.380002397262824
0.309204991541731
0.188820572935127
0.211443030649502
0.180201794521605
0.120799830165074
-0.100719507018509
0.173816119178204
0.0415011437703366
-0.0689034491766752
0.107287686647622
-0.157977591695139
0.0972547926694067
0.0874262995402267
0.0911784591380415
0.0962635818998301
-0.0266541369614878
-0.306840878500770
0.259039724342131
0.214200779336951
0.224965418287785
0.0675251393996107
0.192293978109753
-0.189968722719631
0.155241394336556
0.0728875864427039
0.0469760847692383
0.134969587734846
-0.152039210526485
0.193862406959182
0.156359135379002
0.121016089775072
0.133914893225950
-0.0357999671767652
-0.225027158236252
0.198790459553908
0.218936877467673
0.244502547980662
-0.0603648334528204
0.283336956473285
-0.294494166483443
0.144884535308602
0.101875871196935
0.191516532943695
0.167597776204157
-0.139074950354921
0.287558256960992
0.225311513708632
0.141613102006782
0.161057297258684
-0.0508054141541682
-0.141752396115329
0.104769315048968
0.205088002555328
0.275932236887347
-0.189912091865338
0.318686339711303
-0.399993205992273
0.149424746321891
0.143867280916350
0.290302823235601
0.186708411506581
-0.120738628337002
0.367944318552650
0.309073565855473
0.149714872552747
0.167817895429013
-0.0694624292643480
-0.0597978203483838
-0.0474198672174535
0.203395531405997
0.324918864741005
-0.305317130842212
0.280856691872369
-0.472399553362310
0.172530689744931
0.208373945532910
0.331926810279327
0.183739310901444
-0.0968260305033348
0.427376793376114
0.394231882370868
0.159198380765857
0.160408201819929
-0.0844560193112967
0.0233802312539912
-0.189923047984876
0.245934906942061
0.390241521211277
-0.394121545809692
0.187589007607239
-0.491662281098298
0.208988201540284
0.293913577525924
0.309157279851138
0.169191591949631
-0.0627944165800324
0.467100516571767
0.493581471985705
0.178331123217256
0.163888196774608
-0.0919876703504095
0.104655055809638
-0.264250880167359
0.330651408245510
0.457892494591609
-0.454533226379989
0.102950098493362
-0.476702007138931
0.246755559497254
0.394217207725150
0.238394804965935
0.163752255787258
-0.0195402350457406
0.492629550370284
0.617130516375880
0.201521070498913
0.200034247867236
-0.0930623337473225
0.178190625823376
-0.296467890514684
0.411160192648903
0.513405080091216
-0.489652023557350
0.0178534976570400
-0.467211747825529
0.275266714309696
0.500033306220702
0.153738440084226
0.171192723540512
0.0231592389207678
0.508995023172709
0.758999200609654
0.221271710117747
0.234107678962714
-0.0967219969792530
0.237210687830892
-0.319059000734224
0.483746346727304
0.546197524299728
-0.501436332658108
-0.0872465748668180
-0.458786434279950
0.291272480504165
0.604849490612263
0.0596512523876833
0.174633396970647
0.0535429610448071
0.518568060316778
0.909720487282614
0.233049943029765
0.213940210726882
-0.113803607067392
0.278440886451494
-0.342484746235401
0.581495018781896
0.556713600375815
-0.491251016490093
-0.194065318065964
-0.429072590658004
0.297211246519022
0.703727257404975
-0.0356548054036395
0.163027023497950
0.0669973183163285
0.523318536464207
1.06275345355342
0.236063518673114
0.162521598540686
-0.143959576543612
0.303059040068963
-0.377330341945291
0.687229179781094
0.557830183885529
-0.464262951117025
-0.269576052036093
-0.382629364952673
0.295915991578709
0.791466005486301
-0.123733458417848
0.139754830503819
0.0697590236905043
0.524551427842155
1.20758695627150
0.231845358620148
0.113609464791259
-0.169965008079739
0.314031835351560
-0.415640029661614
0.758116309085328
0.559414358380211
-0.428205460876208
-0.307288323421857
-0.331437825742497
0.286914352612606
0.862840017060663
-0.204543707516931
0.110682693082354
0.0717713826769152
0.522513776103348
1.33342921347218
0.222372533247857
0.0916090785428975
-0.182085785625733
0.315646414630430
-0.438071295706759
0.790466881915657
0.558825826227352
-0.390182226403978
-0.323053704173202
-0.291233593122971
0.271726822290376
0.914132724498528
-0.275278269514167
0.0859241631791067
0.0750151049650443
0.518077404411348
1.43449060543607
0.212740020380514
0.0850490953335140
-0.184183359007129
0.311996618615451
-0.439915714258405
0.798407073543773
0.553750606791800
-0.357747292542432
-0.329887802963460
-0.263968146326143
0.255746142537719
0.944899877367328
-0.328681859565716
0.0676996241297718
0.0775884542305202
0.512764844683174
1.50677602059690
0.206159820811340
0.0819128718330987
-0.182557649477724
0.306999319525306
-0.430001006818247
0.797450540524012
0.547860060527721
-0.339029298394505
-0.332476432743471
-0.249828087133296
0.245173436085865
0.958015709485633
-0.357750183111056
0.0574354088554975
0.0788131153229669
0.508549039778188
1.54644781487575
0.203303868485769
