 8456 
 9704 
 3653 
 8086 
 7654 
 9122 
 3833 
 8356 
 6993 
  566 
 2640 
 7036 
 2794 
 5580 
  726 
 9201 
 4831 
 2175 
 8260 
 2191 
 4362 
 2574 
 2052 
 2617 
 6357 
 6448 
 5948 
 6912 
 9131 
 3654 
 4752 
 7041 
  386 
  689 
  174 
 7334 
 2355 
 8585 
 8009 
 7968 
   48 
 6347 
 5760 
 9538 
 2407 
 9869 
 6230 
 1747 
   85 
 2867 
 4549 
 1115 
 2970 
 6711 
 6574 
  516 
 6149 
 1642 
10237 
 3367 
 2241 
 7875 
 3227 
 4670 
 4369 
 3996 
 5340 
 2533 
  118 
 1336 
 6525 
  435 
 8405 
 5736 
 2282 
 7452 
 8210 
 2469 
 1903 
 7256 
 5927 
 6811 
 2095 
 4444 
 7103 
 2577 
 8692 
  580 
 4783 
 9330 
 6098 
 8518 
 2742 
 2030 
 3352 
 7330 
 9778 
 8755 
 9465 
 7414 
 4309 
 7147 
 7097 
 2576 
 1949 
 3584 
 7850 
 7770 
 7553 
 3307 
 5147 
 1520 
 6133 
 5331 
 6327 
 2532 
 3128 
 1376 
 1108 
 8097 
 3033 
 9554 
  335 
 8976 
 7679 
 1499 
10234 
 4716 
 5595 
 3306 
 8889 
 2889 
 9281 
 6454 
 9035 
 8592 
 9950 
   58 
   88 
 1600 
  230 
 2512 
 1766 
 6377 
 3411 
 7915 
 5534 
 9789 
 2980 
 5138 
 1116 
 5774 
 9081 
  420 
 3971 
 6145 
 6408 
 4875 
 4442 
 7625 
 5550 
 2582 
  160 
 3420 
  971 
 2194 
 4120 
 2819 
 7296 
 9936 
 1533 
 3712 
 9961 
 7868 
 8457 
 9023 
 2554 
 4732 
 6107 
 4151 
 1206 
 7427 
 3474 
 2013 
 3515 
 6412 
 2203 
 9687 
 8729 
10202 
 4816 
 3601 
 4828 
 4218 
 4082 
 4428 
 2047 
 3178 
 2643 
 9998 
 8752 
 9685 
 1165 
 4176 
 6675 
  456 
 9551 
  188 
 8994 
  196 
 7689 
  725 
 1547 
 3094 
 8394 
 5799 
 2037 
 9725 
  199 
10215 
 1382 
 9111 
  602 
 1965 
 1269 
 8911 
 1894 
 5122 
 1898 
 4024 
 1854 
 3895 
 2467 
 4984 
 4731 
 2881 
 1033 
 3213 
 7037 
 6459 
 7168 
 7399 
 3294 
 3196 
 2760 
 6199 
 9217 
 5032 
 7215 
 6398 
 3121 
 7406 
 9473 
  748 
 1435 
 8359 
  369 
 6655 
 9174 
 7322 
  478 
 4286 
  807 
 4590 
  283 
 4609 
 8440 
 6585 
 3883 
 8055 
 1215 
 9260 
 5258 
 8206 
 2735 
10113 
 5835 
 9484 
  838 
 2214 
  888 
 3680 
 3502 
 3108 
 6014 
 3869 
 5175 
 8433 
 7884 
 5884 
 4897 
 4930 
10192 
 6189 
 7663 
  804 
 1613 
 7616 
 1189 
 2665 
 1500 
 2734 
 2816 
 5371 
 8285 
 1987 
 5108 
 6949 
10048 
 2547 
 1658 
 3772 
 2457 
 7901 
 7360 
  896 
 1244 
 1715 
 4583 
  767 
 3614 
 1837 
 6639 
 7979 
 7335 
 8771 
 6769 
 6302 
10155 
 8659 
 7389 
 5297 
  874 
 4515 
 6567 
  648 
 4620 
 4506 
 7263 
 4459 
 7282 
 2699 
 4771 
 9871 
 2293 
 1473 
 9146 
 2158 
 9370 
 3131 
 7754 
 2417 
 9388 
 5692 
 9567 
 6378 
 8575 
 4081 
 3898 
 5839 
  445 
 1574 
 3385 
 6331 
 1710 
10168 
 9525 
10173 
 8862 
10176 
 9184 
 1912 
 7145 
 3950 
 3974 
 2899 
 1958 
  470 
 3280 
 8298 
 7082 
 5673 
 3467 
  450 
 8000 
 7291 
 4923 
 3036 
 3185 
 3315 
 7916 
 9656 
 4746 
 8571 
   31 
 7110 
 2750 
 7165 
 8133 
 2506 
 2594 
 2320 
 8149 
10219 
 7951 
 2160 
 4555 
 6979 
 2910 
 7943 
 6997 
 1900 
 9855 
 3656 
 4126 
 5363 
 1180 
 5396 
 6785 
  243 
  459 
 6130 
 7259 
  321 
 7138 
 3182 
 6316 
  360 
 7407 
 1794 
 5931 
 7184 
 2261 
 5420 
 8411 
 1931 
 9268 
 9028 
 1564 
 8364 
  247 
 5471 
 9160 
 1780 
 3200 
 5301 
 4337 
  140 
 4204 
 2173 
 9920 
 7051 
 4392 
 9276 
 8561 
 6040 
 1184 
10165 
 7261 
 9887 
 4435 
 3341 
 6654 
 2690 
 4538 
 8861 
 4908 
 9658 
 3673 
  145 
 3168 
 9389 
 2811 
 1379 
  812 
 4667 
 5811 
 5261 
 8885 
 7040 
 7307 
 6337 
 4637 
 1135 
 5691 
 3513 
 3625 
 1235 
 5847 
 1946 
 3313 
 8228 
 4129 
 2518 
 8530 
 4478 
 4859 
 3191 
 3745 
 4886 
  332 
  180 
 2704 
  592 
  624 
 7720 
 1739 
 8946 
 6396 
 1461 
 3805 
 3961 
 8654 
 5483 
 4158 
 4223 
 6716 
 4578 
 2919 
 9947 
 3568 
 3212 
  636 
 7551 
  155 
 4519 
 5031 
 5023 
 1102 
 3586 
 5041 
 8295 
 4941 
 8413 
 3574 
 2101 
 5406 
 7188 
 6667 
  337 
 4494 
 2823 
 2741 
   12 
  543 
 8236 
 7049 
 3392 
 1871 
 2062 
 4826 
 1621 
 1167 
10080 
 8197 
 5805 
 2180 
 9138 
 6236 
 9694 
 6159 
  469 
 4737 
 6423 
 2815 
 4354 
 4090 
 5801 
  876 
 9995 
 8964 
 6267 
 7351 
 4708 
 7697 
 1408 
 7260 
 6217 
  136 
 3000 
 1862 
 2310 
 7627 
 9502 
10240 
 5401 
 2419 
  423 
 3107 
  294 
 6045 
 1702 
 6268 
 5577 
 6693 
 7985 
 4071 
 8336 
 1872 
 4132 
 1895 
   28 
 7248 
 2349 
   82 
 1690 
 4197 
 3612 
 5089 
 7486 
 2431 
 5218 
 7166 
 7811 
 6243 
   63 
 9901 
 9518 
 2895 
 8938 
 5479 
 6934 
 8551 
 6910 
 7958 
 9699 
10108 
 3376 
  530 
  813 
 4263 
 6256 
 1105 
 3078 
 5328 
 7146 
 6105 
 1295 
 7151 
 8565 
 6994 
 3537 
 3536 
 3816 
 2069 
 3048 
 3159 
 6709 
 1306 
 3342 
 4789 
 3646 
 8770 
  462 
  473 
 2553 
 7116 
 4567 
 6472 
 1610 
 4196 
 9200 
 4367 
 8855 
 5597 
 8647 
 8341 
 2962 
 2507 
 2897 
 2487 
 8181 
 7815 
 1735 
 7526 
 8703 
 3456 
 8628 
 9987 
 5419 
10249 
 5718 
 8739 
 3705 
 3017 
 2531 
 4582 
 1829 
 7005 
 3286 
 5010 
 8253 
 1764 
 2908 
 6090 
 1798 
 8876 
  534 
 9211 
 2230 
 7707 
 4631 
 5924 
   16 
 6172 
 7698 
 5785 
 8593 
 1636 
 9892 
 9890 
 7965 
 4229 
 3393 
 5646 
 1483 
 5712 
   19 
 4065 
 5336 
 2497 
 7295 
  328 
 9472 
10106 
 9377 
 8743 
 6245 
 7236 
 6432 
 5665 
 5874 
 6264 
 5638 
 4725 
 8670 
 8032 
 4076 
 4943 
 3562 
 9171 
 6207 
 7769 
 4639 
 4383 
 3415 
 3635 
 1972 
 7952 
 6595 
 2263 
10079 
 8997 
 9003 
 7306 
  582 
 5388 
 8317 
 1771 
 9438 
 7950 
 4341 
 4644 
 6257 
  379 
 6113 
 7620 
 3092 
 7401 
 6961 
 5765 
 6120 
 8054 
 2021 
  214 
 3437 
 7987 
 9444 
 2645 
 2993 
 7474 
 4896 
  373 
 1685 
  440 
 9489 
  278 
 4995 
 1375 
 3242 
 2197 
  555 
 2921 
 4415 
 3281 
 5554 
 8484 
 3197 
 4663 
  974 
 9574 
 3541 
 2522 
  983 
  789 
 6047 
 8963 
 8645 
 1969 
 6112 
 2196 
 6931 
 5651 
   14 
 2390 
 9459 
 3499 
 5037 
 3952 
 9471 
 5883 
 5485 
 7504 
 1572 
 9564 
 3410 
 7271 
 7033 
 7506 
 7646 
 7018 
 7133 
 4241 
 8998 
 5317 
 7568 
 9549 
  411 
  187 
 1265 
 7991 
 3466 
 2081 
 1542 
 8520 
 7187 
 3563 
 2412 
   29 
 6058 
 8867 
 2904 
 9120 
 5833 
 9386 
 7756 
  403 
 7431 
 3377 
 3029 
 6579 
 6977 
 8383 
 4712 
 7217 
 7878 
 1774 
 9783 
 4021 
 2701 
 2226 
 2266 
 8986 
 2439 
 9739 
 7723 
 2414 
 2401 
 3847 
 6833 
10224 
 2070 
 7578 
 3318 
10071 
  649 
 7786 
 5191 
 5124 
 6350 
 5573 
 4588 
 7150 
  692 
 9143 
 9435 
  189 
 8131 
 7450 
 9926 
 7928 
 1307 
 3368 
 7740 
  827 
 5810 
 7572 
 9962 
 4283 
 7417 
  156 
 6116 
 8076 
 1786 
 1214 
 1181 
  163 
 5148 
 2228 
 5704 
 9830 
 6119 
 8279 
 5021 
 4972 
 5181 
 5451 
 8163 
 6714 
  550 
 5732 
 5376 
  734 
 3631 
 2404 
 8427 
 3462 
  928 
10146 
 8436 
  926 
 1173 
10153 
 5346 
 2727 
 6510 
 9504 
 8276 
 1417 
 7513 
 7990 
 9910 
 7828 
 3084 
 2548 
 5791 
 2187 
 2432 
 7135 
 4327 
 8730 
10009 
 5139 
 3270 
 8582 
 3902 
 2288 
 9456 
 1853 
 4607 
 8376 
 4410 
 7267 
 5062 
 7962 
 9501 
 4424 
 4019 
 2924 
 5408 
 3113 
 1106 
 5860 
 1063 
 5061 
 8015 
  895 
  883 
 2027 
 6559 
 4563 
  622 
 3203 
 1883 
 8444 
 4662 
 8513 
 3119 
 3443 
 2087 
 2501 
 5099 
  490 
  282 
10066 
 4569 
10096 
 5512 
 6730 
 3966 
 4627 
 5618 
 1856 
 9566 
 6246 
 9795 
 5159 
  810 
 5373 
 2014 
 1527 
 4230 
 4189 
 6825 
 3717 
 4586 
 8354 
    4 
 5976 
 4184 
 1589 
 1664 
 8046 
  563 
 7338 
 6958 
 5202 
 5962 
 8201 
 4815 
 9027 
 6129 
 6393 
 7930 
 8640 
 9579 
 4099 
 8271 
  275 
 9038 
 1935 
10138 
 4845 
 8869 
 8777 
 9096 
 8452 
 6767 
 5788 
 1677 
 7748 
 1501 
 1360 
 4778 
 9596 
  851 
 4839 
 1278 
  841 
 1901 
 4727 
 6800 
 9070 
 1364 
 3626 
 1746 
 9310 
 4689 
 8344 
 3775 
 3957 
10134 
 5405 
 8098 
  611 
 3894 
 3428 
 1503 
   32 
 2946 
 2631 
 4282 
 5271 
 7468 
 4629 
 2254 
 7665 
 7728 
 6404 
 7961 
 8150 
 8916 
 9098 
 4447 
 8615 
 7831 
 2237 
  704 
 1512 
 4952 
 2152 
 2995 
10218 
 6840 
10041 
  381 
  344 
 8267 
 8699 
 2807 
 1139 
 4568 
 6631 
10228 
 6858 
 4305 
 8579 
 7470 
 1220 
 6462 
 6259 
 1531 
 1210 
 9416 
 1587 
 7077 
 4656 
 7361 
 7206 
 1830 
  362 
 9648 
 3742 
 2756 
 7397 
 3087 
 5117 
 5916 
 6925 
 3327 
 7685 
 7142 
 5216 
   77 
  559 
  651 
  253 
 7448 
 6233 
 5614 
 1532 
  181 
 4758 
 3963 
 1961 
 2291 
 2338 
 4247 
 4889 
 4547 
10200 
 2322 
 3787 
 3694 
 6909 
 1651 
 3214 
 5168 
 6742 
 6721 
 1879 
 5728 
 5188 
 9559 
 7705 
 2082 
 5184 
 9462 
 8841 
 3371 
 3733 
 7292 
 7984 
 2519 
 3543 
 7346 
 3465 
 7967 
 9667 
 7975 
 1550 
 5633 
 2483 
 7581 
 1938 
 6664 
 1491 
 6374 
 4773 
  186 
 4418 
 5385 
 8844 
 6169 
 3057 
 5892 
 8927 
 1680 
 1585 
 3235 
 1929 
 6482 
  358 
 8724 
 7483 
 5968 
 4432 
 1905 
 8858 
 6017 
 9231 
 6641 
 5143 
 4252 
  502 
10072 
  621 
 2806 
 9198 
 7062 
 3906 
  798 
 2340 
 2219 
 7945 
 2981 
 4006 
 3325 
 1732 
 9992 
 1706 
 3832 
 7443 
 9068 
 1300 
 9611 
 3381 
 9696 
 5110 
 8966 
 7384 
 3124 
 7926 
 9251 
 9662 
 9112 
 3547 
  128 
 3781 
 7536 
 5782 
 9680 
 7030 
 4899 
 8035 
 6191 
 4697 
 8153 
  297 
 5895 
 3174 
 2305 
 4295 
 8873 
 9277 
 2088 
 1334 
 4343 
 1114 
  394 
 4780 
 4258 
 4753 
 2195 
  241 
 7251 
  717 
 1241 
10024 
 4450 
 9324 
 2511 
 6820 
 3497 
  980 
 2918 
 7089 
 5544 
 7592 
 3454 
  917 
 3086 
  508 
 7313 
 4807 
 7052 
 3850 
 4477 
 5814 
 5165 
 3839 
  959 
 7716 
 6138 
 7114 
 8863 
 4810 
 2049 
 5702 
 7796 
 5750 
 6225 
 3208 
  801 
  439 
 4394 
   25 
10085 
 9246 
 6064 
 7580 
 7115 
  449 
 5162 
 2253 
 8031 
 6620 
  706 
 5060 
 4275 
 7735 
 5817 
 4860 
 6538 
 4691 
 8309 
 9244 
  820 
 1303 
 3239 
 6905 
 9842 
 8956 
 6451 
 8339 
 7759 
 1444 
 4193 
 9323 
 1979 
  212 
 1025 
 5722 
 8073 
 6583 
 3425 
 6033 
 8525 
 9689 
 2527 
 8441 
 2131 
 8166 
 6167 
 5442 
 8446 
 8233 
 5531 
10116 
 9325 
 2492 
 7893 
 7467 
 9291 
  918 
 5930 
 1225 
 5767 
 4060 
 4349 
 2058 
 6282 
 4225 
 3951 
 8977 
 8056 
 4056 
 3639 
10008 
 9521 
 4493 
 5494 
 2091 
 8467 
 2493 
 5727 
 2571 
 7637 
 5589 
 3793 
 2166 
  957 
 4973 
  620 
  862 
 8203 
  416 
 8194 
 4385 
 4141 
 4391 
 1253 
 9161 
 9684 
10169 
 2080 
 6151 
 9008 
 8034 
 3532 
 2472 
 4978 
 5109 
 8016 
 2801 
 2154 
 2982 
 1223 
 9193 
   47 
 9426 
 7084 
 9823 
 7744 
 6729 
 5211 
 8415 
 9866 
 6334 
  448 
 7540 
 8140 
 5679 
  709 
  515 
 2032 
 1738 
 2474 
 1092 
 6505 
 6424 
 1577 
 9189 
 6363 
 4774 
 9764 
 9925 
 4344 
 1204 
 3098 
 4681 
 8028 
 4306 
 9495 
 7070 
 4960 
 2255 
 6218 
 9084 
 3423 
 6192 
 8472 
 8847 
 1012 
 5907 
 3591 
 6718 
 9701 
 2092 
 3922 
 5274 
 5960 
 8727 
10135 
 7571 
 9093 
 5688 
  965 
  274 
 5875 
 8142 
 5048 
 7555 
 9165 
 6499 
  846 
 2103 
 7014 
 6903 
  738 
 1694 
 4294 
 1769 
 5942 
 8674 
 8100 
 9307 
 1293 
 3062 
 4696 
 1209 
 9724 
 1217 
 5928 
 5612 
 1708 
 8676 
 8057 
 1743 
 9951 
 7493 
  539 
 6732 
   13 
 1785 
 3896 
 1424 
  170 
 7778 
 2367 
 7032 
 3720 
 8091 
 7529 
   81 
 2654 
 4612 
 2122 
 8723 
 8386 
 8461 
 1346 
 6495 
 8742 
 7781 
 8910 
 1821 
 7466 
 3873 
 2648 
   61 
 5974 
 7433 
 2761 
 1604 
  718 
 3576 
 8606 
 8790 
 9599 
 8785 
    7 
  843 
 4067 
 8303 
  588 
 3756 
 5355 
 5896 
 5399 
 6026 
 5314 
 6539 
 1558 
 6021 
 2246 
 5913 
 4107 
 8125 
 7379 
 8371 
 6513 
 4411 
 2363 
 4566 
 6933 
  331 
 6851 
 4433 
 1280 
 3122 
 5707 
 9181 
 2211 
 5935 
 1005 
 6966 
 8429 
 7609 
 4375 
 8115 
 9563 
10086 
 9730 
 2955 
   76 
 5197 
 3256 
 5675 
  519 
 3404 
 6666 
 9945 
 7662 
 1672 
 7066 
 3760 
 6881 
 5987 
 9182 
 5840 
 5018 
 5526 
 5430 
 1455 
 2504 
 3024 
 8244 
 2126 
 1270 
 6198 
 1387 
 8257 
 6829 
 9839 
 8083 
 3835 
 4967 
 9159 
 8925 
 6939 
 8175 
 7797 
 5501 
 8043 
 1608 
 4580 
 3809 
 5043 
 2862 
 9044 
 4103 
 8407 
 1079 
 6235 
 2365 
 1007 
 4374 
 6987 
 5828 
 3531 
 8113 
 2368 
  854 
  859 
 6842 
 8310 
 7027 
 6407 
 4014 
 1779 
 1947 
 6637 
 4181 
 4303 
 7044 
  906 
 2406 
 9865 
 1337 
 8072 
10053 
 9698 
 8545 
 7269 
 5834 
 1790 
 3132 
 7380 
  678 
 9918 
 2685 
  724 
 8485 
 3245 
 3659 
 8259 
 6892 
   80 
 9046 
 7276 
 5674 
 4105 
 4483 
 7376 
 4187 
 4061 
 4754 
 2429 
  198 
 5522 
  802 
 4911 
  183 
 4134 
  625 
 1733 
 8007 
  222 
 2189 
 5228 
 8463 
 2974 
 5669 
 1462 
 3493 
 3478 
 4698 
 9109 
 1103 
 4277 
 4205 
 7783 
  165 
 2510 
 3188 
 6878 
 1567 
 9751 
 7682 
 5194 
 2747 
 1321 
 1683 
 3304 
 1975 
 1036 
 2302 
10216 
 2914 
 1089 
 8136 
 7559 
 6885 
 2719 
 7464 
 9267 
 7905 
 9908 
 1656 
  583 
 9523 
 1445 
 3606 
 6999 
 6734 
 3907 
 6210 
 5886 
 6543 
  925 
 7989 
 6438 
 3267 
 2791 
 6612 
 7477 
 7255 
 9468 
 1109 
 3827 
 1100 
 2330 
 4751 
 8519 
 9580 
 2969 
 2416 
 1878 
 3702 
 8320 
 7321 
 4331 
 3552 
 6306 
 7813 
 1629 
 8982 
 6930 
  205 
 7730 
 6115 
 9800 
 2459 
  405 
 5189 
  866 
10112 
 6427 
 4239 
 1031 
 5600 
 4079 
 7879 
 3977 
 3158 
 9469 
 5898 
 2659 
 8511 
 8327 
  929 
 6678 
 7061 
 1553 
 7974 
 9129 
  627 
 5878 
 8745 
 8070 
 6434 
 3042 
 8393 
 2308 
 8173 
 3697 
 1259 
 4857 
10175 
  912 
 2149 
 9851 
 5073 
 8907 
10185 
 5248 
 3146 
 8531 
 8328 
 9232 
 3954 
 8820 
 8506 
 2321 
 9752 
 2307 
 7830 
  477 
 1481 
 2634 
 2097 
 4814 
 3254 
 8618 
 3946 
 2215 
 4835 
 1273 
 7132 
 9446 
 9352 
 5467 
 3130 
 9335 
 1973 
 5966 
 4892 
10207 
 9645 
 5563 
 5510 
 4389 
 1498 
   40 
 8366 
 5990 
 8248 
  930 
 8695 
 3865 
 6181 
 4012 
 8287 
 8668 
 6307 
 4044 
  715 
 2607 
 9603 
  246 
 8224 
 8090 
 6003 
 5286 
 1605 
 2662 
 8324 
 1434 
 9516 
 3432 
 6157 
 8476 
 2323 
 6710 
 8503 
 5384 
 4615 
 2677 
 7015 
 7939 
 3823 
 6366 
  292 
  703 
 2863 
 5695 
 3326 
 2641 
 5269 
 8866 
 3001 
 5435 
 2029 
 9419 
 7020 
 3859 
 5227 
 3489 
 3995 
 4053 
 9803 
 4125 
 3337 
   10 
 3992 
 4690 
 9359 
 2583 
 3451 
 9283 
 9806 
 8793 
 2573 
 7848 
 7372 
 5607 
 5754 
 8567 
 9063 
 5352 
 2795 
 3739 
 9149 
 4672 
 6091 
 2826 
 1843 
 3658 
 7793 
 7692 
  305 
 4429 
 8077 
 2676 
 2120 
 5670 
 5721 
 5781 
 7035 
 6305 
 7607 
 9364 
 9250 
 2128 
 1828 
 7809 
 3641 
 8045 
 2164 
 3355 
 8812 
 4793 
  148 
 3219 
 3517 
 9238 
 5498 
 8483 
 2121 
 3701 
 8789 
 9650 
 8923 
 8765 
 5536 
 5063 
 4595 
 8768 
 1989 
 9034 
 3394 
 1674 
 9132 
 2776 
 8439 
 5739 
 7265 
 9692 
 1263 
 1525 
 3706 
 4426 
 6638 
 3600 
 2328 
 5989 
 2857 
 9533 
 5171 
 2615 
 4686 
 2798 
 5447 
 1722 
 3564 
 2496 
 2873 
 8395 
 8933 
 7863 
 1791 
   26 
 3255 
 9412 
 8492 
 6338 
  410 
 2403 
 8636 
 8377 
 9989 
 4422 
 6042 
 5240 
  370 
 6673 
 5254 
 5201 
 7125 
  695 
 1822 
 6737 
 7328 
 5719 
 9703 
 5961 
 6880 
 6717 
 6944 
 4480 
 4608 
 6923 
 8311 
 8398 
 3721 
 7814 
 8417 
 3329 
 5959 
   98 
 8229 
 7550 
 4600 
 3915 
 5204 
 5369 
 4064 
 7835 
 7087 
 4949 
 7026 
 6670 
  343 
 6470 
 9541 
 6616 
 3843 
  857 
 7687 
 1073 
 6527 
 6697 
  593 
 5837 
 7396 
 6508 
 2572 
 8960 
 1121 
 5033 
 6973 
 9902 
 9792 
 6874 
 8014 
 4188 
 7996 
  676 
 1339 
 4495 
 2937 
 6597 
 7079 
 9225 
 9505 
  135 
 2682 
 3959 
 9799 
 8423 
 5855 
 5970 
 2984 
 3769 
 5793 
 6365 
 9937 
 9464 
 4577 
   97 
  847 
 3643 
 5586 
 8103 
 6227 
 1327 
 3265 
 5648 
 3283 
 4587 
 6073 
 8718 
 3398 
  395 
 2790 
 6797 
 4025 
 5357 
 8664 
 8424 
 4887 
 1199 
 9103 
 8321 
 7636 
 2629 
 5790 
 2157 
 4146 
 9646 
  207 
 2227 
  568 
  782 
 6117 
  302 
 9540 
 4981 
 3292 
 6484 
 2942 
 7298 
 4237 
10029 
 5142 
 8085 
 1094 
 5515 
 9812 
  784 
 2610 
  290 
 5196 
 8573 
 7817 
 6555 
  110 
 9713 
 8005 
 1709 
 2856 
 3799 
 4849 
 6782 
 8694 
  889 
  467 
 2936 
 5366 
 9604 
 6792 
 6755 
 4440 
  698 
 8746 
 7741 
  828 
  546 
 7451 
 7239 
 2700 
   35 
 4222 
 5137 
 3997 
 3645 
 5590 
 7895 
 5745 
 7798 
 6476 
 2971 
  558 
 1314 
  535 
 5056 
 3599 
 2535 
 1968 
 9767 
 9247 
 2539 
 2020 
  686 
 8540 
 2954 
 1086 
 3141 
 5979 
 4395 
 8062 
 5237 
10162 
 2749 
 8749 
 4498 
 6884 
 4885 
 7810 
 1352 
 6605 
 8831 
 7544 
 2351 
 4652 
 9425 
 8914 
 5905 
 3429 
 1959 
 4934 
 5951 
 3917 
 3585 
 4278 
 4154 
 8784 
 2213 
 4227 
 3652 
 1347 
 1652 
 7894 
 5827 
 1459 
 5549 
 8021 
 5973 
 1627 
 3820 
  826 
 5116 
  357 
 6440 
 2285 
  793 
  693 
 7425 
 6623 
 5848 
 6038 
 5731 
10206 
 7509 
 9255 
 1575 
 2763 
 7541 
  371 
  962 
 5914 
 4488 
 8969 
 4675 
 5548 
 9919 
 1967 
 1398 
 4878 
 4057 
10100 
  415 
 7818 
 6625 
 3867 
 9665 
 1617 
 3637 
 2837 
 5252 
 1741 
  768 
 2290 
 5656 
 8478 
 2117 
 2751 
 9719 
 7821 
 3817 
 2917 
  137 
 4496 
  210 
 5450 
 1522 
 3034 
 8304 
 7885 
 3161 
 6417 
 6750 
 5778 
 3690 
 7743 
 1126 
  433 
 4408 
10225 
 8121 
 7085 
 5169 
 5076 
  401 
 7266 
   51 
 8235 
  942 
 8048 
 2240 
10050 
 4235 
 1777 
10193 
 3439 
 4769 
 6212 
 3319 
 2779 
 9079 
 2733 
 2298 
 4491 
 4421 
 9091 
 8958 
 7618 
 5359 
 2265 
 2636 
 6437 
 5468 
 3711 
 2799 
 8589 
 7995 
 4104 
   67 
 3737 
 3511 
 6850 
 2294 
 7612 
 2986 
 3923 
 4211 
  794 
 1066 
 9929 
 7354 
 9019 
  999 
 2724 
 9241 
  345 
 8569 
 3475 
  947 
 9852 
 8596 
 9914 
  981 
 5824 
10201 
 5264 
  956 
 4292 
 7107 
 3815 
 1161 
 5825 
  595 
 5655 
 5176 
 4744 
 6951 
 9844 
 5179 
 9140 
 7016 
 9870 
 7604 
 7348 
 7847 
  393 
 8537 
 2839 
 1922 
 5803 
 5126 
 8815 
 1252 
 2940 
 3120 
 4054 
 9889 
 1584 
  157 
 6253 
 8637 
 2774 
 5322 
 5167 
 2562 
 9909 
 8955 
 8763 
 1624 
 4921 
  231 
 4470 
  193 
 3571 
 4692 
 5332 
 2024 
 4705 
 1401 
 8875 
 6266 
  486 
  557 
  975 
 1468 
 6400 
 1673 
 8556 
 7726 
 9275 
 1140 
 6076 
 9829 
 6545 
 9212 
 5858 
 3710 
 3303 
 2216 
 6349 
 3311 
10014 
 3166 
 2382 
  927 
 2714 
 4194 
 5476 
 6012 
  572 
 8698 
  870 
 3424 
 3650 
 7421 
 5711 
 3460 
 9488 
 3919 
 7109 
 7201 
 9224 
 4183 
  482 
 2169 
 2427 
 2956 
 3912 
 4651 
 9820 
 5183 
 2551 
 2012 
 5490 
 6336 
 6838 
 8301 
 5687 
 1101 
 8468 
 6221 
 6467 
 8195 
 1838 
10167 
  741 
 1147 
 2877 
 4074 
 1051 
  721 
 1344 
 3369 
  336 
 7934 
 6009 
10030 
 2516 
10054 
 1087 
10170 
 8959 
  783 
 2712 
 3258 
 3186 
 3150 
 2646 
 5457 
 3755 
 4781 
  759 
 5737 
 9653 
10095 
 8509 
 5365 
 4550 
 5443 
 8172 
 4591 
 5461 
 1833 
 4461 
 7203 
 2415 
 9170 
 2369 
 1578 
 1802 
 4703 
 5156 
 5792 
 3948 
 8980 
 9824 
 5070 
 4535 
 8917 
 2397 
  561 
 8957 
 6209 
 9135 
 8901 
 3675 
 8042 
 6059 
 6185 
 7992 
 1486 
 3073 
 1800 
 1150 
 6945 
 1289 
 9835 
 5622 
 2675 
 5305 
 6314 
 9411 
 1261 
 6479 
 9349 
 9142 
 2051 
 1891 
  855 
 1138 
 4058 
 4818 
  998 
 2135 
 9907 
 7610 
 1597 
 6219 
 4876 
 8109 
  982 
 7329 
 4423 
 2718 
 7896 
 2190 
 3224 
 5425 
 1712 
 1450 
 6773 
 3278 
  161 
 8635 
 8092 
 8653 
 7163 
 4542 
 1508 
 3288 
 2466 
10044 
 2667 
 1067 
 4678 
 4786 
 7366 
 8458 
 6615 
 7294 
 3434 
 9380 
 5994 
 5000 
 4198 
 6435 
 6353 
 5585 
 7247 
 9206 
 3271 
 1897 
 8926 
 3350 
 3383 
 6063 
 2354 
 1626 
  910 
 1266 
   86 
 1806 
 4201 
 3370 
 7903 
 3397 
 2847 
 8942 
 8333 
 5756 
 1793 
 7157 
 9432 
 1022 
  279 
 8591 
 8814 
 1183 
 1665 
 8013 
  714 
 7111 
 4902 
 6509 
 8614 
 6080 
 1492 
 6067 
 7225 
 8669 
 6388 
 8041 
 3803 
  142 
 1593 
 6072 
 2878 
 5567 
 4308 
 6758 
10158 
 4474 
 4430 
 2470 
 1561 
 9736 
 6810 
 5923 
 4999 
 7371 
 9763 
  805 
 9145 
 4527 
 7534 
 7075 
 6839 
 9308 
 3446 
 6776 
 8157 
 8489 
10132 
 4051 
 7561 
 6541 
 6304 
 9790 
 7929 
 3251 
 2210 
 5617 
 6523 
  488 
 6876 
 2686 
 9876 
  527 
 4300 
  979 
 7790 
 9734 
 8924 
 4425 
 9802 
 2490 
10027 
 8348 
 9543 
 4136 
 5759 
 6414 
 7122 
 5161 
 5377 
 1343 
 1860 
 1528 
10020 
 1412 
 1292 
 6768 
 4062 
 8189 
 5657 
 4468 
 1925 
 7095 
 3878 
 4238 
 1536 
 2142 
 9809 
 7780 
 7337 
 6626 
 8853 
 5321 
 9636 
  623 
 9672 
 4931 
 6679 
 3099 
  590 
  669 
 5776 
  270 
 9593 
 9405 
   11 
 5623 
 5816 
 8127 
 7525 
 3083 
 6360 
 5873 
 3495 
 9997 
 2736 
  765 
 3604 
 7844 
 8120 
  505 
 9967 
 7308 
 6280 
 9627 
 8180 
 3748 
 7671 
 4765 
 4171 
 2635 
10077 
 3030 
 8074 
 6781 
 5528 
 8868 
 6529 
 7177 
 7369 
 3269 
 5624 
 4990 
 9747 
  735 
 7257 
 6663 
 5364 
 4688 
 4528 
 3063 
 4473 
 7994 
 7941 
 7762 
    2 
 9624 
 6078 
 3987 
 7715 
 3359 
 5129 
 9591 
 4517 
 5808 
 5859 
 2279 
 3002 
   59 
 8843 
 7318 
 3175 
 6535 
 8412 
 4298 
 9272 
  414 
 1302 
 7832 
  797 
 3724 
 7634 
  916 
 3593 
 2337 
 7888 
 4862 
 5458 
 3557 
 4220 
 2601 
 8922 
 9393 
 4653 
10109 
 7333 
 1095 
 4224 
 3192 
 1287 
 8437 
 8096 
 3356 
 3980 
  781 
 4573 
  988 
  963 
 6533 
 9162 
 8835 
 6141 
 5106 
 2232 
 1411 
 3773 
 3330 
 2059 
 1001 
 9490 
 6232 
 6856 
 6683 
  167 
 4005 
 7746 
 6570 
 3066 
 9903 
 6249 
 6969 
 1065 
 5478 
 4543 
 2485 
 6147 
 6865 
  213 
 2976 
 4378 
 1588 
 6152 
 1350 
 1917 
 7624 
 9204 
 2947 
 8008 
 1024 
 7789 
 1590 
 5014 
 2770 
 7180 
 1418 
 9188 
 8318 
 3153 
 6867 
 3051 
 2373 
 1362 
 7938 
 6170 
 2448 
 3553 
 4018 
 2786 
 9710 
 9315 
 5919 
 8872 
 5929 
 5952 
 6099 
  431 
 7502 
 7411 
 2206 
 7285 
 9588 
 6196 
 1986 
 2314 
 4467 
 6841 
 4119 
 7246 
 8151 
 3442 
 8418 
 6481 
 1470 
 5199 
 2604 
 5466 
 6647 
 7494 
  849 
 4993 
 2438 
 2812 
 4715 
  937 
 9055 
10213 
 2632 
 4603 
 5598 
 2534 
 8001 
 1750 
 9615 
 8620 
 7874 
  587 
 6890 
 6050 
   57 
 8134 
 6504 
 6126 
 8973 
 7799 
 4785 
 7172 
 7092 
 2179 
  352 
 3893 
  722 
  853 
 3607 
  472 
 4032 
 4317 
 9810 
 1816 
 3736 
  958 
 3956 
 9643 
 1623 
 8568 
 6190 
 6308 
 4561 
  304 
 8711 
  931 
 9006 
 1143 
 4741 
  608 
 1730 
 8822 
 4700 
 6804 
 4487 
 6240 
 1824 
  681 
 2389 
 9659 
 9261 
 8533 
 6685 
 2729 
 3223 
  203 
 6339 
 9423 
 1810 
 9921 
 9884 
 2943 
 6370 
 8935 
 3871 
  491 
 3929 
 2766 
 8564 
 2673 
 5277 
 9141 
 6295 
 4645 
 4338 
 8023 
 3988 
 2994 
 2374 
 1052 
 8047 
 6134 
 1535 
 6084 
 8514 
 3570 
 5734 
 7696 
 2118 
   66 
 8325 
 9513 
 6362 
 2536 
 1366 
 9264 
10129 
 2977 
 9535 
  300 
 8629 
 1015 
 7858 
  312 
 9491 
  276 
 2426 
  132 
 3648 
 1297 
  836 
 9424 
 4809 
 4869 
 4501 
  542 
  696 
 8387 
 6875 
 1257 
 6387 
 9660 
 2462 
 4740 
 4466 
 2967 
 7440 
 3261 
 7857 
 3727 
 6144 
 5115 
 1693 
 5011 
 8919 
 6213 
  787 
 7190 
 9577 
 8462 
 5287 
 4382 
 2050 
 7855 
 6645 
 7069 
 5826 
 5267 
  351 
 4365 
 2379 
 2599 
 5319 
 5203 
 7542 
 9202 
  743 
 4088 
 7195 
 1865 
 6496 
  939 
 3360 
 5045 
 9296 
 2593 
 9598 
 6413 
 6551 
 6390 
 1291 
 4311 
 4661 
  936 
 1930 
 5141 
10035 
 6223 
 3826 
 6335 
 4296 
 5694 
 2851 
 2260 
 9024 
 4613 
 4877 
 4979 
 6177 
 7565 
 7935 
 8397 
 9151 
  520 
 5871 
10013 
 5404 
 6022 
 9916 
 5569 
 8122 
  284 
 8807 
  547 
 9729 
 5784 
 7680 
 9234 
 8334 
 5272 
 8836 
 5761 
 9761 
 8706 
 5819 
 9032 
 6418 
 5288 
 2303 
 5889 
 5429 
 1778 
 5275 
 5915 
  320 
 5103 
 7907 
 8850 
 1632 
 2045 
 2141 
 7222 
 8204 
 7829 
  475 
 7983 
 3741 
 1374 
 3838 
 1129 
 3187 
 2705 
 7776 
 7997 
 6658 
 4319 
 5540 
 6764 
 7025 
  833 
 4059 
 7614 
  383 
 1243 
 7955 
  507 
 2106 
 5775 
 4928 
 3060 
 8666 
 3005 
 6083 
 5065 
 4961 
  258 
 8497 
  615 
 8355 
 9674 
 2366 
 9899 
 4100 
 6815 
 4722 
 5965 
 6572 
 2782 
  513 
 4811 
  424 
 1504 
 2272 
 5758 
 6872 
 9655 
10226 
 1850 
 4013 
 2148 
 1240 
 1230 
 2249 
 5836 
 4397 
10220 
 1141 
  295 
 9280 
 8804 
  306 
 8231 
 6522 
 3309 
 2605 
 5190 
 9226 
 9568 
 3778 
 7801 
  356 
 8161 
  359 
 4599 
 9601 
 4231 
 5375 
 7022 
 6700 
 8274 
 4526 
 9086 
 8616 
 6184 
 6383 
 3363 
 9475 
 5876 
 7948 
  261 
10143 
 8315 
 6445 
  655 
 3955 
 9312 
 4472 
 5083 
 8078 
 1454 
  996 
 1804 
 8547 
 3979 
 6765 
 4091 
 7214 
 6922 
 7358 
 5300 
 7596 
  325 
 5349 
 4776 
 6859 
 4766 
 9369 
 4557 
 3798 
 7363 
 5742 
 6010 
 3524 
 4314 
10159 
 3019 
 8196 
 8603 
 1466 
 4135 
 3723 
  361 
 2566 
 7301 
 1918 
 3354 
 2738 
 3427 
 9626 
 7280 
 4512 
 5389 
 3138 
   56 
 5383 
 6285 
 7518 
 9614 
 1305 
 2590 
 4446 
 5800 
 7601 
 7633 
 4614 
 8892 
 7403 
 8482 
 5155 
 1773 
  903 
 3897 
 5068 
 5145 
 5310 
  886 
 2093 
 9482 
 6621 
 1460 
 6589 
 4157 
 7755 
 7426 
 6607 
 3940 
 6547 
 9642 
  707 
  158 
 1549 
 9351 
 4539 
  119 
 3231 
 4180 
 6372 
 9486 
 2800 
 2394 
 3059 
 5517 
 2495 
 4739 
 7603 
10043 
 8757 
 4342 
 4518 
 8337 
 5925 
 2802 
 3014 
  997 
 6137 
 6822 
 7595 
 7804 
10019 
 6154 
  221 
 6677 
 4825 
 2541 
 7775 
 9782 
 3936 
  525 
  388 
10131 
 4669 
 4733 
 4940 
 6622 
 3797 
 4706 
 7331 
 7119 
 2162 
 7590 
 3282 
 7845 
 7883 
 7057 
 4452 
 2591 
 5001 
 3331 
 8625 
 8164 
 1645 
  778 
 9848 
 7341 
 7131 
 1998 
 2657 
 7481 
   41 
  920 
 1765 
  591 
 4162 
 3020 
 3636 
 5789 
 3842 
 1594 
 2973 
 9888 
   87 
 6992 
 9480 
10016 
 3276 
 1381 
 6581 
  641 
 6283 
  730 
 4926 
 9923 
 3151 
 4340 
 7058 
 2296 
 8141 
 4680 
 3602 
 2489 
 5282 
 7642 
 3310 
 2768 
 8209 
 4063 
 2348 
 9867 
  322 
 2530 
 7476 
 3795 
 8075 
  674 
 9461 
 5207 
 2225 
 8758 
 6135 
 1678 
 4034 
   55 
 4250 
 5642 
 9496 
 2042 
 4259 
 6060 
 2520 
  240 
 9415 
 6627 
 5152 
 8442 
 3136 
 5339 
 1274 
 8326 
 6108 
 5917 
  732 
 2998 
 1043 
 2717 
 8212 
 3935 
 2872 
 3007 
 7463 
 7043 
 1158 
 8038 
 7876 
 2964 
 9981 
 8622 
 1761 
 8825 
 4070 
 1447 
 8414 
 3939 
 8081 
  338 
 6791 
 5627 
10164 
 8806 
 5716 
 4416 
 7842 
 7367 
 1787 
 8913 
 2753 
 4029 
 6263 
 4730 
 4256 
 4043 
 4417 
 7270 
 4511 
 1186 
 1814 
 9126 
 1848 
 3872 
 5588 
 2339 
 9999 
 8112 
 7808 
 8877 
 3704 
 1426 
 3698 
 1098 
 9975 
 7645 
 1320 
 4405 
 8677 
 7314 
 6733 
 6596 
 1018 
 6550 
  754 
 5113 
 4087 
 9227 
 6914 
 5726 
 4095 
 8505 
 6868 
 4939 
 1882 
 8612 
 2422 
 7442 
 4248 
 5753 
 3558 
 5890 
 5849 
 1368 
 1260 
  586 
 1659 
 6948 
 5221 
 4665 
 1415 
 1876 
  672 
 3417 
 7767 
 6443 
 2500 
 2259 
  330 
 3441 
 2359 
 4819 
 8416 
 2342 
 1000 
 1118 
  650 
 2437 
 7471 
 8156 
 2186 
 8378 
 7444 
 1902 
 6599 
  447 
 9958 
 6692 
10001 
 6324 
 4332 
 8273 
   38 
 7742 
 8707 
 2085 
 3093 
 5985 
 7640 
  238 
  280 
 2849 
 7104 
 7535 
 5144 
10147 
 6726 
 6777 
 8810 
 1042 
 7889 
 8945 
 5387 
 5780 
 2609 
 3274 
 1354 
 9709 
 4724 
 7750 
 9191 
 4764 
 5343 
 5293 
  107 
 8123 
 9686 
 4357 
 6761 
 9708 
 1506 
 1866 
 2378 
 9530 
 6409 
 6998 
  412 
  218 
 9451 
 3031 
 8906 
 7999 
 3473 
 6628 
 8590 
 5016 
 7904 
  952 
 9301 
 9387 
 1628 
 4950 
 9702 
 1924 
  867 
 5560 
 9339 
 1205 
  152 
 2543 
 6643 
 2083 
10180 
 4812 
 1952 
 7419 
 2559 
10058 
 4933 
 6646 
 3776 
  503 
 7613 
 6447 
 5497 
 3013 
 9075 
 3500 
 2818 
 9457 
 2212 
 3608 
 9266 
 7923 
 1911 
 5410 
 3617 
 9592 
  921 
 5815 
 6893 
 9290 
 1881 
 3800 
 9651 
 5102 
 5022 
 4630 
 1258 
 8675 
 5265 
 2178 
 3259 
 9257 
 7530 
 4920 
 7492 
 6222 
  483 
 9628 
 6367 
 8555 
 5918 
 2565 
 7918 
 6406 
 7545 
 8350 
  339 
 2901 
 6164 
 1717 
 3863 
 8464 
 9815 
 5220 
 9309 
 3364 
 9357 
 3115 
 5529 
  195 
 4041 
 2951 
 9553 
 8738 
 8159 
 6633 
 9368 
 8293 
 6668 
 7086 
 6772 
 8583 
 8278 
 3624 
 7560 
 3890 
 6074 
 6947 
 8455 
 4458 
 6471 
 3770 
 4345 
 6814 
 4536 
 4866 
 6537 
 6273 
 8381 
 2841 
 6456 
 3846 
  432 
 7237 
 6442 
 6309 
10174 
 7074 
  262 
 8594 
 1852 
 8289 
 2244 
 1566 
  736 
 5481 
 5769 
 9957 
 1477 
 3889 
  661 
 3299 
 9180 
 7158 
 3909 
  437 
 6008 
 1699 
 6311 
 8036 
  822 
 2698 
 9573 
10171 
 1932 
 2436 
 1611 
 9813 
 2558 
 8528 
 5338 
 9077 
 5132 
 4521 
 5677 
 2224 
 4797 
 5428 
 5445 
 2046 
 6394 
 7339 
 9153 
10241 
  498 
 2730 
 2564 
 7546 
 6483 
 3348 
 4328 
 5374 
 2005 
 4510 
 5912 
 6205 
 9087 
 2773 
 3455 
 8375 
 1319 
 9083 
 3320 
 6556 
 8516 
 6722 
 8104 
  938 
 6518 
 4685 
 2503 
 5909 
  640 
 4514 
 1262 
 2023 
 4403 
 7395 
 5209 
 8011 
 5690 
 7139 
 5611 
  269 
  960 
