#    || r ||         || r_adj ||     Objective          || grad ||       Stepsize  ls_iter   Accuracy_train  Accuracy_val
  0  -1.00000000e+00  -1.00000000e+00  3.44634419872995e+01  1.17910525779002e+01  1.000000   0  32.0%  32.1%
  1  -1.00000000e+00  -1.00000000e+00  1.60943791243421e+00  5.46725597467270e-01  1.000000   0  35.1%  36.6%
  2  -1.00000000e+00  -1.00000000e+00  1.44667048850683e+00  3.78984814486976e-01  1.000000   0  45.1%  45.2%
  3  -1.00000000e+00  -1.00000000e+00  1.30430347745858e+00  2.98855989850912e-01  0.250000   2  47.1%  47.1%
  4  -1.00000000e+00  -1.00000000e+00  1.25018219448528e+00  3.40416055513343e-01  0.000488  11  43.8%  43.9%
  5  -1.00000000e+00  -1.00000000e+00  1.22750159937147e+00  1.41862787104318e-01  0.500000   1  52.6%  51.7%
  6  -1.00000000e+00  -1.00000000e+00  1.21899822585466e+00  1.00931612322748e-01  0.500000   1  53.7%  53.5%
  7  -1.00000000e+00  -1.00000000e+00  1.20867928547805e+00  1.38694601310050e-01  1.000000   0  56.0%  55.1%
  8  -1.00000000e+00  -1.00000000e+00  1.19553881275959e+00  1.24276231357846e-01  1.000000   0  56.8%  56.5%
  9  -1.00000000e+00  -1.00000000e+00  1.16965784748873e+00  9.95175366654563e-02  1.000000   0  56.2%  55.3%
 10  -1.00000000e+00  -1.00000000e+00  1.14578448767790e+00  2.34076427077271e-01  0.500000   1  56.0%  55.4%
 11  -1.00000000e+00  -1.00000000e+00  1.13476652765498e+00  3.45953207055040e-01  0.125000   3  54.0%  53.2%
 12  -1.00000000e+00  -1.00000000e+00  1.11053220103706e+00  4.83528945539948e-01  1.000000   0  54.7%  54.8%
 13  -1.00000000e+00  -1.00000000e+00  1.09048010047244e+00  4.60453126625646e-01  0.250000   2  55.3%  56.4%
 14  -1.00000000e+00  -1.00000000e+00  1.07064195648533e+00  2.88672071833341e-01  0.125000   3  59.2%  58.7%
 15  -1.00000000e+00  -1.00000000e+00  1.04316386527661e+00  2.72125687816491e-01  0.250000   2  59.0%  57.4%
 16  -1.00000000e+00  -1.00000000e+00  1.02260165379399e+00  3.07269265426488e-01  0.250000   2  57.7%  56.3%
 17  -1.00000000e+00  -1.00000000e+00  9.87796969273468e-01  4.74976107254786e-01  0.500000   1  65.6%  65.3%
 18  -1.00000000e+00  -1.00000000e+00  9.73603224834148e-01  2.80014967336466e-01  0.250000   2  66.3%  65.4%
 19  -1.00000000e+00  -1.00000000e+00  9.60640692145234e-01  1.67591321616930e-01  0.500000   1  69.1%  68.6%
 20  -1.00000000e+00  -1.00000000e+00  9.52149838557163e-01  1.05111015851407e-01  0.500000   1  70.4%  69.8%
 21  -1.00000000e+00  -1.00000000e+00  9.45492040502422e-01  1.00388418008226e-01  0.500000   1  69.4%  68.9%
 22  -1.00000000e+00  -1.00000000e+00  9.39350863777326e-01  9.86312015141050e-02  0.500000   1  70.8%  69.3%
 23  -1.00000000e+00  -1.00000000e+00  9.31212144959697e-01  1.18236595568057e-01  1.000000   0  71.2%  69.8%
 24  -1.00000000e+00  -1.00000000e+00  9.24487696951939e-01  1.22855729103429e-01  1.000000   0  71.4%  70.8%
 25  -1.00000000e+00  -1.00000000e+00  9.12551242393058e-01  1.06564870394986e-01  1.000000   0  71.0%  70.8%
 26  -1.00000000e+00  -1.00000000e+00  9.03430899611023e-01  1.96875986443068e-01  1.000000   0  71.3%  70.6%
 27  -1.00000000e+00  -1.00000000e+00  8.98325278419061e-01  1.75859056922635e-01  0.500000   1  71.5%  71.7%
 28  -1.00000000e+00  -1.00000000e+00  8.89431234045329e-01  2.52142924879409e-01  1.000000   0  73.2%  72.7%
 29  -1.00000000e+00  -1.00000000e+00  8.78572300058039e-01  1.36862584856957e-01  0.500000   1  73.7%  74.1%
 30  -1.00000000e+00  -1.00000000e+00  8.64936395904245e-01  2.34681574239893e-01  1.000000   0  72.8%  73.0%
 31  -1.00000000e+00  -1.00000000e+00  8.53722339336724e-01  1.92836110607611e-01  1.000000   0  73.5%  73.6%
 32  -1.00000000e+00  -1.00000000e+00  8.45010308533376e-01  1.67293554768992e-01  1.000000   0  74.7%  73.9%
 33  -1.00000000e+00  -1.00000000e+00  8.39491963005848e-01  1.53887871211409e-01  0.500000   1  75.3%  74.5%
 34  -1.00000000e+00  -1.00000000e+00  8.28452477056571e-01  1.77098483597250e-01  0.500000   1  76.7%  76.2%
 35  -1.00000000e+00  -1.00000000e+00  8.20599442371373e-01  1.37589882660560e-01  0.250000   2  77.1%  76.9%
 36  -1.00000000e+00  -1.00000000e+00  8.11818809074570e-01  1.55535769253811e-01  0.500000   1  76.7%  76.0%
 37  -1.00000000e+00  -1.00000000e+00  8.05115485100437e-01  1.28636202093673e-01  0.500000   1  76.0%  76.0%
 38  -1.00000000e+00  -1.00000000e+00  7.98543157979510e-01  1.07050905147303e-01  0.500000   1  75.7%  75.9%
 39  -1.00000000e+00  -1.00000000e+00  7.92456338102273e-01  1.51737165336035e-01  1.000000   0  75.0%  75.2%
 40  -1.00000000e+00  -1.00000000e+00  7.90450503300963e-01  1.23500712385412e-01  0.250000   2  75.6%  75.8%
 41  -1.00000000e+00  -1.00000000e+00  7.83721713811051e-01  1.63475838509934e-01  1.000000   0  76.2%  76.6%
 42  -1.00000000e+00  -1.00000000e+00  7.70863695886842e-01  1.98515312509162e-01  1.000000   0  77.4%  77.4%
 43  -1.00000000e+00  -1.00000000e+00  7.65852049306767e-01  1.24915363451590e-01  0.500000   1  77.1%  77.4%
 44  -1.00000000e+00  -1.00000000e+00  7.61011934954994e-01  1.24227161368432e-01  0.500000   1  76.9%  77.0%
 45  -1.00000000e+00  -1.00000000e+00  7.58608453627654e-01  7.13061952706373e-02  0.250000   2  76.8%  76.9%
 46  -1.00000000e+00  -1.00000000e+00  7.54211313061791e-01  2.01596121220658e-01  1.000000   0  76.4%  76.9%
 47  -1.00000000e+00  -1.00000000e+00  7.51344468924256e-01  1.09373905884075e-01  0.500000   1  77.3%  77.8%
 48  -1.00000000e+00  -1.00000000e+00  7.46675892324116e-01  1.00961685163308e-01  1.000000   0  77.6%  78.0%
 49  -1.00000000e+00  -1.00000000e+00  7.43872299942372e-01  1.00364647716390e-01  0.500000   1  77.7%  78.5%
 50  -1.00000000e+00  -1.00000000e+00  7.40928793789704e-01  1.34984742659460e-01  1.000000   0  78.1%  78.4%
 51  -1.00000000e+00  -1.00000000e+00  7.38170901967508e-01  1.14789342259204e-01  0.500000   1  77.7%  77.8%
 52  -1.00000000e+00  -1.00000000e+00  7.33880527199753e-01  1.40078033127927e-01  1.000000   0  78.7%  78.6%
 53  -1.00000000e+00  -1.00000000e+00  7.29832185696521e-01  1.33446876871935e-01  1.000000   0  78.4%  78.6%
 54  -1.00000000e+00  -1.00000000e+00  7.27727749443152e-01  9.23227474069756e-02  0.500000   1  78.7%  78.8%
 55  -1.00000000e+00  -1.00000000e+00  7.22254347868810e-01  2.38273763422604e-01  1.000000   0  78.6%  78.3%
 56  -1.00000000e+00  -1.00000000e+00  7.18275168495511e-01  2.02882403663916e-01  0.500000   1  78.6%  78.9%
 57  -1.00000000e+00  -1.00000000e+00  7.13940419322572e-01  9.07633119921811e-02  1.000000   0  77.8%  77.8%
 58  -1.00000000e+00  -1.00000000e+00  7.11430886317612e-01  1.92193653989366e-01  0.500000   1  77.3%  77.0%
 59  -1.00000000e+00  -1.00000000e+00  7.07098115111318e-01  1.73445472350281e-01  0.500000   1  77.5%  77.2%
 60  -1.00000000e+00  -1.00000000e+00  7.01007736005630e-01  3.61642847250896e-01  0.500000   1  77.6%  77.4%
 61  -1.00000000e+00  -1.00000000e+00  6.96186097573493e-01  2.89397362904399e-01  0.500000   1  77.7%  77.3%
 62  -1.00000000e+00  -1.00000000e+00  6.91368970934539e-01  3.82293994726332e-01  0.250000   2  77.7%  77.4%
 63  -1.00000000e+00  -1.00000000e+00  6.77374492227616e-01  3.70328856494713e-01  0.500000   1  79.3%  78.7%
 64  -1.00000000e+00  -1.00000000e+00  6.72571056018268e-01  3.39916391136123e-01  0.250000   2  78.9%  79.2%
 65  -1.00000000e+00  -1.00000000e+00  6.63916020423231e-01  4.75824586418778e-01  0.500000   1  79.2%  79.3%
 66  -1.00000000e+00  -1.00000000e+00  6.57772529494296e-01  4.80531391253300e-01  0.250000   2  80.0%  79.1%
 67  -1.00000000e+00  -1.00000000e+00  6.51372003935830e-01  2.24367782349874e-01  0.250000   2  79.9%  78.8%
 68  -1.00000000e+00  -1.00000000e+00  6.41239114788798e-01  2.34282149105533e-01  0.250000   2  80.4%  79.6%
 69  -1.00000000e+00  -1.00000000e+00  6.29887407507355e-01  2.44834871558343e-01  0.500000   1  80.4%  79.6%
 70  -1.00000000e+00  -1.00000000e+00  6.24234269196153e-01  2.54334188790710e-01  0.250000   2  80.7%  79.7%
 71  -1.00000000e+00  -1.00000000e+00  6.18514601592427e-01  3.03051947022938e-01  0.250000   2  80.5%  80.6%
 72  -1.00000000e+00  -1.00000000e+00  6.14502493615690e-01  2.09296908852942e-01  0.250000   2  81.0%  80.7%
 73  -1.00000000e+00  -1.00000000e+00  6.10513512623488e-01  3.84538508941282e-01  0.250000   2  81.7%  80.3%
 74  -1.00000000e+00  -1.00000000e+00  6.04869350183436e-01  4.74818553519390e-01  0.500000   1  82.2%  81.1%
 75  -1.00000000e+00  -1.00000000e+00  6.01297562961952e-01  2.34481577005086e-01  0.250000   2  83.2%  82.1%
 76  -1.00000000e+00  -1.00000000e+00  5.98850710842832e-01  3.27942423839924e-01  0.250000   2  83.0%  81.8%
 77  -1.00000000e+00  -1.00000000e+00  5.95094589458407e-01  2.29293177523012e-01  0.250000   2  83.4%  82.2%
 78  -1.00000000e+00  -1.00000000e+00  5.90721901980318e-01  1.52501027893762e-01  0.500000   1  83.6%  82.5%
 79  -1.00000000e+00  -1.00000000e+00  5.82899028105692e-01  5.71466804211422e-01  0.500000   1  83.6%  82.8%
 80  -1.00000000e+00  -1.00000000e+00  5.79059019406010e-01  4.79720359623339e-01  0.250000   2  83.3%  83.2%
 81  -1.00000000e+00  -1.00000000e+00  5.76357402328939e-01  3.04050127443331e-01  0.250000   2  83.5%  83.4%
 82  -1.00000000e+00  -1.00000000e+00  5.73490239961997e-01  1.52866769545108e-01  0.250000   2  83.6%  83.5%
 83  -1.00000000e+00  -1.00000000e+00  5.68138331210204e-01  4.69264771120375e-01  1.000000   0  83.7%  82.5%
 84  -1.00000000e+00  -1.00000000e+00  5.65151263820341e-01  2.66039970982308e-01  0.500000   1  84.1%  82.5%
 85  -1.00000000e+00  -1.00000000e+00  5.61295548885175e-01  2.69783422013798e-01  0.500000   1  84.2%  82.7%
 86  -1.00000000e+00  -1.00000000e+00  5.56869261437567e-01  1.59229715059783e-01  0.500000   1  84.9%  83.2%
 87  -1.00000000e+00  -1.00000000e+00  5.53144366870710e-01  2.33272530394301e-01  0.500000   1  84.6%  83.2%
 88  -1.00000000e+00  -1.00000000e+00  5.51742685690943e-01  1.90348264971071e-01  0.250000   2  84.4%  83.2%
 89  -1.00000000e+00  -1.00000000e+00  5.48717933130287e-01  2.91715421025569e-01  0.500000   1  84.7%  83.3%
 90  -1.00000000e+00  -1.00000000e+00  5.45841246395642e-01  4.13156961323454e-01  0.500000   1  84.5%  83.3%
 91  -1.00000000e+00  -1.00000000e+00  5.43711587848485e-01  1.67319132692473e-01  0.250000   2  84.5%  83.2%
 92  -1.00000000e+00  -1.00000000e+00  5.38384182800278e-01  4.07327826039029e-01  0.500000   1  84.5%  83.0%
 93  -1.00000000e+00  -1.00000000e+00  5.35266499495645e-01  2.65321002577596e-01  0.250000   2  84.8%  82.8%
 94  -1.00000000e+00  -1.00000000e+00  5.30056786640710e-01  6.01252174115907e-01  0.500000   1  85.2%  83.6%
 95  -1.00000000e+00  -1.00000000e+00  5.26835503748496e-01  2.96582121994718e-01  0.250000   2  85.3%  83.9%
 96  -1.00000000e+00  -1.00000000e+00  5.22660372384015e-01  8.48196082779406e-01  0.500000   1  85.6%  83.5%
 97  -1.00000000e+00  -1.00000000e+00  5.19164635476570e-01  4.31896010115364e-01  0.250000   2  85.7%  83.7%
 98  -1.00000000e+00  -1.00000000e+00  5.13220779256426e-01  7.28320978963888e-01  0.500000   1  86.4%  84.6%
 99  -1.00000000e+00  -1.00000000e+00  5.09793754306532e-01  2.52336075891129e-01  0.250000   2  86.6%  84.9%
100  -1.00000000e+00  -1.00000000e+00  5.03486878817766e-01  3.00242867529072e-01  0.500000   1  87.4%  85.2%
101  -1.00000000e+00  -1.00000000e+00  4.99930540143121e-01  4.53000931997678e-01  0.125000   3  87.7%  85.4%
102  -1.00000000e+00  -1.00000000e+00  4.93652550204254e-01  8.84009692859537e-01  0.250000   2  87.9%  86.4%
103  -1.00000000e+00  -1.00000000e+00  4.89454023328325e-01  2.83067556722763e-01  0.062500   4  88.2%  86.9%
104  -1.00000000e+00  -1.00000000e+00  4.84695162167944e-01  4.03782660743430e-01  0.125000   3  88.7%  87.6%
105  -1.00000000e+00  -1.00000000e+00  4.75534901079208e-01  1.29318528688566e+00  0.250000   2  90.5%  89.2%
106  -1.00000000e+00  -1.00000000e+00  4.71333384036848e-01  6.13189138086082e-01  0.125000   3  90.4%  89.2%
107  -1.00000000e+00  -1.00000000e+00  4.65834844269226e-01  4.15992020326893e-01  0.250000   2  90.7%  90.1%
108  -1.00000000e+00  -1.00000000e+00  4.59574811837626e-01  6.22576867969789e-01  0.250000   2  91.1%  89.4%
109  -1.00000000e+00  -1.00000000e+00  4.54458628844056e-01  6.76917660674909e-01  0.125000   3  91.0%  89.6%
110  -1.00000000e+00  -1.00000000e+00  4.48819746174328e-01  8.54308526629490e-01  0.125000   3  91.4%  90.6%
111  -1.00000000e+00  -1.00000000e+00  4.39393235206122e-01  1.36233131794571e+00  0.250000   2  92.1%  91.0%
112  -1.00000000e+00  -1.00000000e+00  4.29899493859155e-01  8.39430223196560e-01  0.125000   3  91.8%  90.8%
113  -1.00000000e+00  -1.00000000e+00  4.23885670985407e-01  7.73944007405994e-01  0.250000   2  91.5%  90.5%
114  -1.00000000e+00  -1.00000000e+00  4.19528067028620e-01  4.85968729898897e-01  0.125000   3  92.2%  91.0%
115  -1.00000000e+00  -1.00000000e+00  4.12717801659892e-01  4.26805165847977e-01  0.250000   2  92.8%  91.9%
116  -1.00000000e+00  -1.00000000e+00  4.08937303541510e-01  8.00394500368492e-01  0.250000   2  92.9%  91.7%
117  -1.00000000e+00  -1.00000000e+00  4.06380042745621e-01  4.89415899396599e-01  0.125000   3  92.7%  91.9%
118  -1.00000000e+00  -1.00000000e+00  4.03844750602910e-01  3.72537338219150e-01  0.125000   3  92.8%  91.9%
119  -1.00000000e+00  -1.00000000e+00  4.00440200418701e-01  4.90153056023757e-01  0.250000   2  93.0%  91.5%
120  -1.00000000e+00  -1.00000000e+00  3.96887431420398e-01  3.69413049924090e-01  0.250000   2  93.0%  91.9%
121  -1.00000000e+00  -1.00000000e+00  3.93489522192440e-01  5.17523438487287e-01  0.250000   2  93.3%  92.1%
122  -1.00000000e+00  -1.00000000e+00  3.89721400706004e-01  5.20181477999647e-01  0.250000   2  93.4%  92.1%
123  -1.00000000e+00  -1.00000000e+00  3.86800806371878e-01  8.05061774455021e-01  0.250000   2  93.2%  91.9%
124  -1.00000000e+00  -1.00000000e+00  3.83820235488309e-01  6.42436093805359e-01  0.250000   2  93.3%  92.1%
125  -1.00000000e+00  -1.00000000e+00  3.80067241319775e-01  3.87688415265462e-01  0.500000   1  93.8%  92.4%
126  -1.00000000e+00  -1.00000000e+00  3.78087880196228e-01  4.14025735037199e-01  0.250000   2  93.8%  92.9%
127  -1.00000000e+00  -1.00000000e+00  3.75048627117593e-01  1.01981890996023e+00  0.500000   1  93.8%  92.7%
128  -1.00000000e+00  -1.00000000e+00  3.72871108831474e-01  2.64506954382146e-01  0.125000   3  93.9%  93.1%
129  -1.00000000e+00  -1.00000000e+00  3.69507026016688e-01  3.09595215256108e-01  0.500000   1  94.5%  93.6%
130  -1.00000000e+00  -1.00000000e+00  3.67143700972370e-01  5.49255193896559e-01  0.250000   2  94.6%  94.3%
131  -1.00000000e+00  -1.00000000e+00  3.64314143552898e-01  4.28386025613409e-01  0.250000   2  94.7%  94.2%
132  -1.00000000e+00  -1.00000000e+00  3.62146330784060e-01  3.64321973507874e-01  0.250000   2  94.8%  95.0%
133  -1.00000000e+00  -1.00000000e+00  3.59869290811014e-01  3.73193512051632e-01  0.250000   2  94.6%  94.8%
134  -1.00000000e+00  -1.00000000e+00  3.56877738458127e-01  3.54592390273199e-01  0.500000   1  94.5%  94.9%
135  -1.00000000e+00  -1.00000000e+00  3.54022182024277e-01  5.14543671051251e-01  0.500000   1  94.2%  94.7%
136  -1.00000000e+00  -1.00000000e+00  3.50786562626924e-01  3.58460123804765e-01  0.500000   1  94.5%  95.2%
137  -1.00000000e+00  -1.00000000e+00  3.47754750234476e-01  5.35766080586830e-01  0.500000   1  94.5%  94.8%
138  -1.00000000e+00  -1.00000000e+00  3.45583716470534e-01  2.25317544853720e-01  0.250000   2  94.6%  95.1%
139  -1.00000000e+00  -1.00000000e+00  3.43017322123515e-01  4.95088770752864e-01  0.250000   2  94.6%  95.1%
140  -1.00000000e+00  -1.00000000e+00  3.40270493157369e-01  1.53766572450860e-01  0.250000   2  94.8%  94.9%
141  -1.00000000e+00  -1.00000000e+00  3.37322166006034e-01  6.96166726622794e-01  0.500000   1  95.0%  95.2%
142  -1.00000000e+00  -1.00000000e+00  3.35921633929163e-01  3.00157624540599e-01  0.125000   3  94.9%  95.0%
143  -1.00000000e+00  -1.00000000e+00  3.31993222131673e-01  3.20575928290266e-01  0.500000   1  94.9%  95.7%
144  -1.00000000e+00  -1.00000000e+00  3.29926868464351e-01  2.98059450749501e-01  0.250000   2  94.9%  95.5%
145  -1.00000000e+00  -1.00000000e+00  3.27145004738527e-01  3.02117461215420e-01  0.250000   2  95.0%  95.3%
146  -1.00000000e+00  -1.00000000e+00  3.22056140028237e-01  5.95294845473286e-01  0.500000   1  95.3%  95.4%
147  -1.00000000e+00  -1.00000000e+00  3.20455942415622e-01  5.11854076869931e-01  0.125000   3  95.2%  95.2%
148  -1.00000000e+00  -1.00000000e+00  3.18566176708272e-01  6.66478624113865e-01  0.250000   2  95.4%  95.3%
149  -1.00000000e+00  -1.00000000e+00  3.16151276150085e-01  4.29030809500879e-01  0.250000   2  95.7%  95.4%
150  -1.00000000e+00  -1.00000000e+00  3.13480204560654e-01  3.44839674295746e-01  0.250000   2  95.6%  95.3%
151  -1.00000000e+00  -1.00000000e+00  3.10264986293457e-01  8.99360174578982e-01  0.500000   1  95.9%  95.6%
152  -1.00000000e+00  -1.00000000e+00  3.07200926454373e-01  3.16449639618727e-01  0.500000   1  95.7%  95.0%
153  -1.00000000e+00  -1.00000000e+00  3.04996095128033e-01  2.98724533037666e-01  0.250000   2  95.8%  95.8%
154  -1.00000000e+00  -1.00000000e+00  3.01906027709093e-01  8.15773917932391e-01  0.500000   1  96.2%  96.4%
155  -1.00000000e+00  -1.00000000e+00  2.99833967838141e-01  1.77398370229195e-01  0.125000   3  96.2%  96.4%
156  -1.00000000e+00  -1.00000000e+00  2.96586566901947e-01  5.15271670500944e-01  0.500000   1  96.3%  96.1%
157  -1.00000000e+00  -1.00000000e+00  2.95168453142781e-01  6.81487283192148e-01  0.125000   3  96.4%  96.5%
158  -1.00000000e+00  -1.00000000e+00  2.93357205096198e-01  6.30319925271710e-01  0.250000   2  96.1%  96.0%
159  -1.00000000e+00  -1.00000000e+00  2.91868484517032e-01  3.42015936609028e-01  0.250000   2  96.2%  96.3%
160  -1.00000000e+00  -1.00000000e+00  2.89252277165067e-01  3.73014839211383e-01  0.500000   1  96.3%  96.4%
161  -1.00000000e+00  -1.00000000e+00  2.87285502415145e-01  4.79185888602058e-01  0.500000   1  96.3%  96.1%
162  -1.00000000e+00  -1.00000000e+00  2.85730593587230e-01  4.13699985816922e-01  0.250000   2  96.5%  96.2%
163  -1.00000000e+00  -1.00000000e+00  2.84273826781605e-01  2.52512958875700e-01  0.250000   2  96.3%  96.4%
164  -1.00000000e+00  -1.00000000e+00  2.81622579759543e-01  7.62729481404762e-01  0.500000   1  96.5%  96.1%
165  -1.00000000e+00  -1.00000000e+00  2.79886278963859e-01  3.30191195194680e-01  0.250000   2  96.5%  96.2%
166  -1.00000000e+00  -1.00000000e+00  2.77456364487585e-01  3.79048673193718e-01  0.500000   1  96.5%  96.4%
167  -1.00000000e+00  -1.00000000e+00  2.75624447345739e-01  4.22764516360888e-01  0.250000   2  96.7%  96.7%
168  -1.00000000e+00  -1.00000000e+00  2.74598121880919e-01  2.30290535787345e-01  0.125000   3  96.6%  96.8%
169  -1.00000000e+00  -1.00000000e+00  2.73132916908198e-01  2.22112412413847e-01  0.250000   2  96.6%  96.9%
170  -1.00000000e+00  -1.00000000e+00  2.71334858818483e-01  6.19870488966271e-01  0.500000   1  96.9%  96.9%
171  -1.00000000e+00  -1.00000000e+00  2.70045485252396e-01  3.22311001309851e-01  0.500000   1  96.8%  96.7%
172  -1.00000000e+00  -1.00000000e+00  2.68361617157860e-01  3.73947229012637e-01  0.500000   1  96.8%  96.8%
173  -1.00000000e+00  -1.00000000e+00  2.67142875371244e-01  2.81804797677674e-01  0.250000   2  96.8%  96.9%
174  -1.00000000e+00  -1.00000000e+00  2.65570272224975e-01  1.81618040155189e-01  0.250000   2  96.8%  96.9%
175  -1.00000000e+00  -1.00000000e+00  2.64344655250921e-01  3.11086690882103e-01  0.250000   2  96.7%  96.8%
176  -1.00000000e+00  -1.00000000e+00  2.63296254068746e-01  2.25265365244490e-01  0.250000   2  96.8%  96.8%
177  -1.00000000e+00  -1.00000000e+00  2.62248993222918e-01  5.42680130977869e-01  0.250000   2  96.8%  97.0%
178  -1.00000000e+00  -1.00000000e+00  2.61258192401296e-01  1.63407230047784e-01  0.250000   2  96.8%  96.8%
179  -1.00000000e+00  -1.00000000e+00  2.60024737060753e-01  4.26094439038051e-01  0.500000   1  96.8%  96.8%
180  -1.00000000e+00  -1.00000000e+00  2.59084786699871e-01  2.17756117117657e-01  0.250000   2  96.8%  97.1%
181  -1.00000000e+00  -1.00000000e+00  2.57860783090624e-01  2.11107177015787e-01  0.500000   1  96.7%  96.8%
182  -1.00000000e+00  -1.00000000e+00  2.56860861518113e-01  4.24259963384380e-01  0.500000   1  97.0%  96.9%
183  -1.00000000e+00  -1.00000000e+00  2.56183189530314e-01  3.69226911445839e-01  0.250000   2  96.8%  96.9%
184  -1.00000000e+00  -1.00000000e+00  2.55493780966921e-01  2.34203615194688e-01  0.250000   2  96.9%  97.1%
185  -1.00000000e+00  -1.00000000e+00  2.54292922058941e-01  2.65864563436918e-01  0.500000   1  97.2%  96.8%
186  -1.00000000e+00  -1.00000000e+00  2.53462197417589e-01  2.48067421035234e-01  0.500000   1  97.1%  97.0%
187  -1.00000000e+00  -1.00000000e+00  2.52633764991554e-01  6.05034721469299e-01  0.500000   1  97.4%  97.1%
188  -1.00000000e+00  -1.00000000e+00  2.51789010503977e-01  3.45496286065427e-01  0.500000   1  97.1%  97.0%
189  -1.00000000e+00  -1.00000000e+00  2.50757622882471e-01  2.00052403969672e-01  0.500000   1  97.2%  97.0%
190  -1.00000000e+00  -1.00000000e+00  2.49811661194919e-01  3.42191413013431e-01  0.500000   1  97.2%  96.9%
191  -1.00000000e+00  -1.00000000e+00  2.48961286158002e-01  3.78203683390465e-01  0.500000   1  97.4%  96.9%
192  -1.00000000e+00  -1.00000000e+00  2.48330408006960e-01  4.01868866376046e-01  0.250000   2  97.3%  96.9%
193  -1.00000000e+00  -1.00000000e+00  2.47747089551797e-01  1.35058144809240e-01  0.250000   2  97.1%  97.0%
194  -1.00000000e+00  -1.00000000e+00  2.47148364475180e-01  3.94506083168450e-01  0.500000   1  97.2%  97.2%
195  -1.00000000e+00  -1.00000000e+00  2.46566040135056e-01  2.00352624946033e-01  0.250000   2  97.1%  97.2%
196  -1.00000000e+00  -1.00000000e+00  2.45758828308441e-01  3.88693342585128e-01  0.500000   1  97.2%  97.1%
197  -1.00000000e+00  -1.00000000e+00  2.44969781996741e-01  6.36019837977281e-01  0.500000   1  97.4%  97.3%
198  -1.00000000e+00  -1.00000000e+00  2.44410249402648e-01  3.08047981767457e-01  0.250000   2  97.3%  97.2%
199  -1.00000000e+00  -1.00000000e+00  2.43839827248442e-01  1.33016989859821e-01  0.250000   2  97.4%  97.4%
200  -1.00000000e+00  -1.00000000e+00  2.43138734191919e-01  4.10580656220854e-01  0.500000   1  97.5%  97.3%
201  -1.00000000e+00  -1.00000000e+00  2.42528305679782e-01  1.38322133714700e-01  0.500000   1  97.4%  97.3%
202  -1.00000000e+00  -1.00000000e+00  2.41987326955703e-01  3.97992581496580e-01  0.500000   1  97.3%  96.9%
203  -1.00000000e+00  -1.00000000e+00  2.41332673679310e-01  3.29708070043585e-01  0.500000   1  97.4%  97.1%
204  -1.00000000e+00  -1.00000000e+00  2.40812012129331e-01  2.69481775395200e-01  0.250000   2  97.3%  97.2%
205  -1.00000000e+00  -1.00000000e+00  2.40227780998040e-01  2.29453311950350e-01  0.500000   1  97.4%  97.3%
206  -1.00000000e+00  -1.00000000e+00  2.39708929115895e-01  4.89315231273969e-01  0.500000   1  97.4%  97.4%
207  -1.00000000e+00  -1.00000000e+00  2.39464696763564e-01  2.65093883250949e-01  0.250000   2  97.5%  97.2%
208  -1.00000000e+00  -1.00000000e+00  2.39007673548300e-01  2.14180908079394e-01  0.500000   1  97.5%  97.3%
209  -1.00000000e+00  -1.00000000e+00  2.38687619492164e-01  1.18997235879162e-01  0.250000   2  97.5%  97.4%
210  -1.00000000e+00  -1.00000000e+00  2.38152626677646e-01  7.45850893601570e-02  0.500000   1  97.5%  97.4%
211  -1.00000000e+00  -1.00000000e+00  2.37748693934485e-01  3.70638857519103e-01  0.500000   1  97.4%  97.4%
212  -1.00000000e+00  -1.00000000e+00  2.37406306157642e-01  1.33542425544013e-01  0.500000   1  97.5%  97.2%
213  -1.00000000e+00  -1.00000000e+00  2.37179783600849e-01  2.67222075017662e-01  0.500000   1  97.5%  97.5%
214  -1.00000000e+00  -1.00000000e+00  2.36851691223923e-01  3.09805840250483e-01  0.500000   1  97.6%  97.6%
215  -1.00000000e+00  -1.00000000e+00  2.36565764745661e-01  1.60073674614400e-01  0.500000   1  97.5%  97.6%
216  -1.00000000e+00  -1.00000000e+00  2.36315284507820e-01  2.73166000139843e-01  0.500000   1  97.4%  97.5%
217  -1.00000000e+00  -1.00000000e+00  2.36167574043077e-01  2.25907785156327e-01  0.250000   2  97.5%  97.6%
218  -1.00000000e+00  -1.00000000e+00  2.35886801476417e-01  2.09668121481168e-01  0.500000   1  97.4%  97.5%
219  -1.00000000e+00  -1.00000000e+00  2.35739360619407e-01  8.99213490129957e-02  0.250000   2  97.4%  97.5%
220  -1.00000000e+00  -1.00000000e+00  2.35535179605545e-01  7.52422036348702e-02  0.500000   1  97.5%  97.6%
221  -1.00000000e+00  -1.00000000e+00  2.35383620157347e-01  1.24841240416544e-01  0.250000   2  97.6%  97.5%
222  -1.00000000e+00  -1.00000000e+00  2.35163477112145e-01  1.90408067556459e-01  0.500000   1  97.5%  97.6%
223  -1.00000000e+00  -1.00000000e+00  2.34968038773115e-01  2.17503284814561e-01  0.500000   1  97.6%  97.6%
224  -1.00000000e+00  -1.00000000e+00  2.34831051801020e-01  2.26931751349438e-01  0.250000   2  97.6%  97.6%
225  -1.00000000e+00  -1.00000000e+00  2.34660971658487e-01  2.86018589366546e-01  0.500000   1  97.6%  97.5%
226  -1.00000000e+00  -1.00000000e+00  2.34507098360419e-01  2.16484573092449e-01  0.500000   1  97.5%  97.5%
227  -1.00000000e+00  -1.00000000e+00  2.34372387776594e-01  6.45557470878493e-02  0.500000   1  97.5%  97.4%
228  -1.00000000e+00  -1.00000000e+00  2.34204161945184e-01  1.02847192460837e-01  0.500000   1  97.5%  97.4%
229  -1.00000000e+00  -1.00000000e+00  2.34033492886260e-01  1.39579511149019e-01  0.500000   1  97.6%  97.5%
230  -1.00000000e+00  -1.00000000e+00  2.33863837012943e-01  1.46766886650396e-01  0.500000   1  97.6%  97.5%
231  -1.00000000e+00  -1.00000000e+00  2.33662150472951e-01  1.55285354730849e-01  0.500000   1  97.5%  97.7%
232  -1.00000000e+00  -1.00000000e+00  2.33499337770207e-01  1.12314315728017e-01  0.500000   1  97.6%  97.7%
233  -1.00000000e+00  -1.00000000e+00  2.33338397621801e-01  4.04279681512682e-02  0.500000   1  97.6%  97.5%
234  -1.00000000e+00  -1.00000000e+00  2.33109293634165e-01  5.29857513259069e-02  1.000000   0  97.7%  97.6%
235  -1.00000000e+00  -1.00000000e+00  2.32927975360958e-01  8.43447294349727e-02  1.000000   0  97.7%  97.5%
236  -1.00000000e+00  -1.00000000e+00  2.32757708148957e-01  2.32745196740196e-01  1.000000   0  97.7%  97.6%
237  -1.00000000e+00  -1.00000000e+00  2.32652499014959e-01  2.46296258393547e-01  0.500000   1  97.6%  97.7%
238  -1.00000000e+00  -1.00000000e+00  2.32539965480360e-01  1.30862701048953e-01  0.500000   1  97.6%  97.6%
239  -1.00000000e+00  -1.00000000e+00  2.32411991478213e-01  9.03260663553019e-02  0.500000   1  97.6%  97.5%
240  -1.00000000e+00  -1.00000000e+00  2.32280708888710e-01  2.26748818795070e-01  0.500000   1  97.7%  97.8%
241  -1.00000000e+00  -1.00000000e+00  2.32118065065227e-01  5.81762886714131e-02  0.500000   1  97.7%  97.8%
242  -1.00000000e+00  -1.00000000e+00  2.32013514072967e-01  1.56814216748934e-01  0.500000   1  97.7%  97.8%
243  -1.00000000e+00  -1.00000000e+00  2.31863111055907e-01  1.26607230397696e-01  0.500000   1  97.6%  97.7%
244  -1.00000000e+00  -1.00000000e+00  2.31694193895205e-01  1.54090775435837e-01  1.000000   0  97.8%  97.7%
245  -1.00000000e+00  -1.00000000e+00  2.31567945507858e-01  1.61417602650756e-01  0.500000   1  97.7%  97.6%
246  -1.00000000e+00  -1.00000000e+00  2.31372226482329e-01  1.47670647117627e-01  0.500000   1  97.7%  97.7%
247  -1.00000000e+00  -1.00000000e+00  2.31169205693842e-01  1.10056092212747e-01  0.500000   1  97.8%  97.5%
248  -1.00000000e+00  -1.00000000e+00  2.30937608670291e-01  2.34358023558267e-01  1.000000   0  97.8%  97.6%
249  -1.00000000e+00  -1.00000000e+00  2.30805077853344e-01  2.45406807735967e-01  0.500000   1  97.8%  97.6%
250  -1.00000000e+00  -1.00000000e+00  2.30626337258652e-01  1.32022692903031e-01  0.500000   1  97.8%  97.4%
251  -1.00000000e+00  -1.00000000e+00  2.30399000752472e-01  2.57033530532964e-01  1.000000   0  97.8%  97.4%
252  -1.00000000e+00  -1.00000000e+00  2.30243498911130e-01  2.02612279689655e-01  0.500000   1  97.8%  97.5%
253  -1.00000000e+00  -1.00000000e+00  2.30078512010963e-01  1.31617770699364e-01  0.500000   1  97.8%  97.5%
254  -1.00000000e+00  -1.00000000e+00  2.29911442032741e-01  1.91358936574153e-01  0.500000   1  97.8%  97.5%
255  -1.00000000e+00  -1.00000000e+00  2.29744324038307e-01  1.88417623030684e-01  0.500000   1  97.7%  97.4%
256  -1.00000000e+00  -1.00000000e+00  2.29553149468561e-01  2.27934112471007e-01  0.500000   1  97.8%  97.4%
257  -1.00000000e+00  -1.00000000e+00  2.29357272130260e-01  8.78058168062102e-02  0.500000   1  97.8%  97.3%
258  -1.00000000e+00  -1.00000000e+00  2.29176179742452e-01  1.29550290747509e-01  0.500000   1  97.8%  97.4%
259  -1.00000000e+00  -1.00000000e+00  2.29037064776031e-01  2.60825435496356e-01  0.500000   1  97.8%  97.3%
260  -1.00000000e+00  -1.00000000e+00  2.28907057794137e-01  1.19799081835987e-01  0.500000   1  97.8%  97.3%
261  -1.00000000e+00  -1.00000000e+00  2.28785507239469e-01  6.27040155239599e-02  0.500000   1  97.9%  97.4%
262  -1.00000000e+00  -1.00000000e+00  2.28548710674984e-01  1.21599695515624e-01  0.500000   1  97.8%  97.4%
263  -1.00000000e+00  -1.00000000e+00  2.28415365845916e-01  1.20979707196545e-01  0.250000   2  97.8%  97.4%
264  -1.00000000e+00  -1.00000000e+00  2.28211362697817e-01  1.26840623979500e-01  0.500000   1  97.9%  97.4%
265  -1.00000000e+00  -1.00000000e+00  2.28095851684371e-01  2.63912999270546e-01  0.500000   1  97.9%  97.4%
266  -1.00000000e+00  -1.00000000e+00  2.27984097402911e-01  6.29722214112492e-02  0.500000   1  97.9%  97.4%
267  -1.00000000e+00  -1.00000000e+00  2.27749591444130e-01  2.69137707227057e-01  1.000000   0  97.9%  97.5%
268  -1.00000000e+00  -1.00000000e+00  2.27519645700478e-01  2.43152165182729e-01  1.000000   0  97.9%  97.3%
269  -1.00000000e+00  -1.00000000e+00  2.27368332221598e-01  1.09465915634782e-01  0.500000   1  97.9%  97.4%
270  -1.00000000e+00  -1.00000000e+00  2.27194945330207e-01  1.30457852796692e-01  0.500000   1  97.9%  97.5%
271  -1.00000000e+00  -1.00000000e+00  2.27025529184336e-01  3.00168848107980e-01  0.500000   1  97.9%  97.5%
272  -1.00000000e+00  -1.00000000e+00  2.26878697938607e-01  8.41698324114691e-02  0.500000   1  97.9%  97.5%
273  -1.00000000e+00  -1.00000000e+00  2.26722598457853e-01  1.56702560766949e-01  0.500000   1  97.8%  97.4%
274  -1.00000000e+00  -1.00000000e+00  2.26544670826622e-01  2.05217229894161e-01  0.500000   1  97.8%  97.5%
275  -1.00000000e+00  -1.00000000e+00  2.26392167288621e-01  1.30226473510244e-01  0.500000   1  97.8%  97.4%
276  -1.00000000e+00  -1.00000000e+00  2.26247185017616e-01  3.30514076596043e-01  0.500000   1  97.8%  97.3%
277  -1.00000000e+00  -1.00000000e+00  2.26023359608379e-01  2.46276728984185e-01  1.000000   0  97.9%  97.5%
278  -1.00000000e+00  -1.00000000e+00  2.25900736758473e-01  1.53211995334480e-01  0.250000   2  97.9%  97.4%
279  -1.00000000e+00  -1.00000000e+00  2.25731968667354e-01  2.81445920674783e-01  0.500000   1  97.9%  97.5%
280  -1.00000000e+00  -1.00000000e+00  2.25555917095212e-01  2.47918490513180e-01  0.500000   1  97.8%  97.5%
281  -1.00000000e+00  -1.00000000e+00  2.25340210273091e-01  2.30304404203552e-01  0.500000   1  97.9%  97.5%
282  -1.00000000e+00  -1.00000000e+00  2.25161634152575e-01  2.27181888372651e-01  0.500000   1  98.0%  97.5%
283  -1.00000000e+00  -1.00000000e+00  2.24966284826112e-01  7.68278705755681e-02  0.500000   1  97.9%  97.7%
284  -1.00000000e+00  -1.00000000e+00  2.24866591508273e-01  2.64447491477158e-01  0.250000   2  97.9%  97.6%
285  -1.00000000e+00  -1.00000000e+00  2.24725440739245e-01  1.13900105816421e-01  0.250000   2  97.9%  97.4%
286  -1.00000000e+00  -1.00000000e+00  2.24580337723850e-01  2.05359592328377e-01  0.500000   1  97.9%  97.4%
287  -1.00000000e+00  -1.00000000e+00  2.24437111337843e-01  3.30201033251366e-01  0.500000   1  97.8%  97.5%
288  -1.00000000e+00  -1.00000000e+00  2.24283360995675e-01  2.35003846646639e-01  0.500000   1  97.9%  97.7%
289  -1.00000000e+00  -1.00000000e+00  2.24144147799532e-01  7.04360778712211e-02  0.250000   2  97.9%  97.5%
290  -1.00000000e+00  -1.00000000e+00  2.23976964303703e-01  1.51637483685988e-01  0.500000   1  97.9%  97.6%
291  -1.00000000e+00  -1.00000000e+00  2.23809380080286e-01  7.11848244716821e-02  0.500000   1  97.9%  97.5%
292  -1.00000000e+00  -1.00000000e+00  2.23639647996013e-01  2.35302045062556e-01  1.000000   0  97.9%  97.5%
293  -1.00000000e+00  -1.00000000e+00  2.23555453157656e-01  1.35910337254139e-01  0.250000   2  97.9%  97.5%
294  -1.00000000e+00  -1.00000000e+00  2.23376202525726e-01  3.06683136352537e-01  1.000000   0  97.9%  97.6%
295  -1.00000000e+00  -1.00000000e+00  2.23198982039463e-01  4.20291798654776e-01  1.000000   0  97.9%  97.5%
296  -1.00000000e+00  -1.00000000e+00  2.23067364558570e-01  2.22596626272466e-01  0.500000   1  97.9%  97.6%
297  -1.00000000e+00  -1.00000000e+00  2.22929523573173e-01  1.46068158139472e-01  0.500000   1  97.9%  97.6%
298  -1.00000000e+00  -1.00000000e+00  2.22776312812942e-01  1.81484068343355e-01  1.000000   0  98.0%  97.7%
299  -1.00000000e+00  -1.00000000e+00  2.22647340603767e-01  1.25670399136380e-01  0.500000   1  97.9%  97.5%
300  -1.00000000e+00  -1.00000000e+00  2.22478420194833e-01  1.65375967745311e-01  1.000000   0  97.9%  97.5%
301  -1.00000000e+00  -1.00000000e+00  2.22371615824721e-01  1.01267058381730e-01  0.500000   1  97.9%  97.5%
302  -1.00000000e+00  -1.00000000e+00  2.22280933024270e-01  1.93016162120051e-01  0.500000   1  97.9%  97.5%
303  -1.00000000e+00  -1.00000000e+00  2.22148613209362e-01  5.78779595305132e-02  0.500000   1  97.8%  97.5%
304  -1.00000000e+00  -1.00000000e+00  2.22044259993121e-01  1.95660653839859e-01  0.500000   1  97.9%  97.5%
305  -1.00000000e+00  -1.00000000e+00  2.21939585784630e-01  1.96841220560465e-01  0.500000   1  97.9%  97.5%
306  -1.00000000e+00  -1.00000000e+00  2.21834272172958e-01  1.18771094322132e-01  0.500000   1  97.9%  97.5%
307  -1.00000000e+00  -1.00000000e+00  2.21725552691409e-01  6.88152471803211e-02  0.500000   1  97.9%  97.5%
308  -1.00000000e+00  -1.00000000e+00  2.21629496190468e-01  1.50361328663198e-01  0.500000   1  97.9%  97.6%
309  -1.00000000e+00  -1.00000000e+00  2.21532015797032e-01  1.61871309303511e-01  0.500000   1  97.9%  97.6%
310  -1.00000000e+00  -1.00000000e+00  2.21425477577050e-01  1.31766155689998e-01  0.500000   1  97.9%  97.6%
311  -1.00000000e+00  -1.00000000e+00  2.21306599391626e-01  6.22205350681779e-02  0.500000   1  97.9%  97.5%
312  -1.00000000e+00  -1.00000000e+00  2.21195806379938e-01  7.51190254050748e-02  0.500000   1  97.9%  97.5%
313  -1.00000000e+00  -1.00000000e+00  2.21085289078376e-01  1.22026146507927e-01  0.500000   1  97.9%  97.5%
314  -1.00000000e+00  -1.00000000e+00  2.20981625886830e-01  6.54647737629735e-02  0.500000   1  98.0%  97.5%
315  -1.00000000e+00  -1.00000000e+00  2.20828224162767e-01  9.51624334889178e-02  1.000000   0  97.9%  97.5%
316  -1.00000000e+00  -1.00000000e+00  2.20731405720687e-01  1.94069603452214e-01  0.500000   1  98.0%  97.6%
317  -1.00000000e+00  -1.00000000e+00  2.20618226460089e-01  2.58716223135875e-01  0.500000   1  97.9%  97.5%
318  -1.00000000e+00  -1.00000000e+00  2.20540755573216e-01  9.41256016872330e-02  0.250000   2  98.0%  97.6%
319  -1.00000000e+00  -1.00000000e+00  2.20423384688801e-01  7.79704323210666e-02  0.500000   1  98.0%  97.7%
320  -1.00000000e+00  -1.00000000e+00  2.20274209407447e-01  1.52048157709862e-01  1.000000   0  97.9%  97.6%
321  -1.00000000e+00  -1.00000000e+00  2.20168668296360e-01  2.00433792731204e-01  0.500000   1  97.9%  97.5%
322  -1.00000000e+00  -1.00000000e+00  2.20041914168417e-01  7.77051800190443e-02  0.500000   1  97.9%  97.5%
323  -1.00000000e+00  -1.00000000e+00  2.19886827976922e-01  8.63499137944906e-02  0.500000   1  97.9%  97.5%
324  -1.00000000e+00  -1.00000000e+00  2.19763302115301e-01  2.17838122696204e-01  0.500000   1  98.0%  97.6%
325  -1.00000000e+00  -1.00000000e+00  2.19638611112969e-01  9.41638180949808e-02  0.500000   1  97.9%  97.6%
326  -1.00000000e+00  -1.00000000e+00  2.19461590948719e-01  1.21051149905396e-01  1.000000   0  97.9%  97.7%
327  -1.00000000e+00  -1.00000000e+00  2.19333496243639e-01  1.68662684442784e-01  0.500000   1  97.9%  97.7%
328  -1.00000000e+00  -1.00000000e+00  2.19157785052927e-01  9.94950492846050e-02  0.500000   1  97.8%  97.7%
329  -1.00000000e+00  -1.00000000e+00  2.19003193469291e-01  1.00380258626015e-01  0.500000   1  97.8%  97.5%
330  -1.00000000e+00  -1.00000000e+00  2.18850397587666e-01  2.39581303902976e-01  0.500000   1  97.9%  97.7%
331  -1.00000000e+00  -1.00000000e+00  2.18698293159002e-01  1.27858604139590e-01  0.500000   1  97.9%  97.6%
332  -1.00000000e+00  -1.00000000e+00  2.18488708787717e-01  3.37071866645442e-01  1.000000   0  97.9%  97.7%
333  -1.00000000e+00  -1.00000000e+00  2.18412891075770e-01  2.25485681080665e-01  0.250000   2  97.9%  97.7%
334  -1.00000000e+00  -1.00000000e+00  2.18289896733346e-01  2.22924224521002e-01  0.250000   2  98.0%  97.6%
335  -1.00000000e+00  -1.00000000e+00  2.18138302074388e-01  2.76787306451436e-01  0.250000   2  97.9%  97.6%
336  -1.00000000e+00  -1.00000000e+00  2.17937508148597e-01  3.46728469346533e-01  0.500000   1  97.9%  97.7%
337  -1.00000000e+00  -1.00000000e+00  2.17772701187065e-01  1.62639967552664e-01  0.500000   1  98.0%  97.7%
338  -1.00000000e+00  -1.00000000e+00  2.17647392703262e-01  1.31782244454187e-01  0.500000   1  98.0%  97.7%
339  -1.00000000e+00  -1.00000000e+00  2.17486391328586e-01  2.96337391516310e-01  0.500000   1  97.9%  97.5%
340  -1.00000000e+00  -1.00000000e+00  2.17278568577705e-01  9.13492073556599e-02  0.500000   1  98.0%  97.7%
341  -1.00000000e+00  -1.00000000e+00  2.17146422152019e-01  1.91924125186746e-01  0.500000   1  97.9%  97.7%
342  -1.00000000e+00  -1.00000000e+00  2.17012389730707e-01  4.07766012133026e-01  0.500000   1  98.0%  97.5%
343  -1.00000000e+00  -1.00000000e+00  2.16866753540852e-01  1.74628442987048e-01  0.500000   1  97.9%  97.3%
344  -1.00000000e+00  -1.00000000e+00  2.16713951411019e-01  2.16346827205558e-01  1.000000   0  97.9%  97.6%
345  -1.00000000e+00  -1.00000000e+00  2.16621706848647e-01  1.35043307704677e-01  0.250000   2  98.0%  97.4%
346  -1.00000000e+00  -1.00000000e+00  2.16434220847102e-01  2.14272762715039e-01  0.500000   1  98.0%  97.4%
347  -1.00000000e+00  -1.00000000e+00  2.16296563960710e-01  1.83945990891819e-01  0.500000   1  98.0%  97.5%
348  -1.00000000e+00  -1.00000000e+00  2.16059354356533e-01  2.00416019506403e-01  1.000000   0  98.0%  97.5%
349  -1.00000000e+00  -1.00000000e+00  2.15931795741302e-01  1.27694708175139e-01  0.500000   1  98.0%  97.6%
350  -1.00000000e+00  -1.00000000e+00  2.15765235296330e-01  3.06706593103666e-01  0.500000   1  98.0%  97.5%
351  -1.00000000e+00  -1.00000000e+00  2.15591439940782e-01  3.74530606936102e-01  0.500000   1  98.1%  97.6%
352  -1.00000000e+00  -1.00000000e+00  2.15407333086047e-01  3.76786608387725e-01  0.500000   1  98.0%  97.6%
353  -1.00000000e+00  -1.00000000e+00  2.15298042045333e-01  2.22998134320284e-01  0.250000   2  98.0%  97.7%
354  -1.00000000e+00  -1.00000000e+00  2.15118876141113e-01  1.17836019709995e-01  0.500000   1  98.0%  97.9%
355  -1.00000000e+00  -1.00000000e+00  2.14959088688638e-01  2.74645820871751e-01  0.500000   1  98.0%  97.9%
356  -1.00000000e+00  -1.00000000e+00  2.14859101535588e-01  1.24258838201792e-01  0.125000   3  98.0%  97.9%
357  -1.00000000e+00  -1.00000000e+00  2.14664936858870e-01  1.71958905671697e-01  0.500000   1  98.0%  97.8%
358  -1.00000000e+00  -1.00000000e+00  2.14474815381176e-01  1.83322931703486e-01  0.500000   1  97.9%  97.8%
359  -1.00000000e+00  -1.00000000e+00  2.14251122557884e-01  2.11081551998523e-01  0.500000   1  97.9%  97.8%
360  -1.00000000e+00  -1.00000000e+00  2.14114459595358e-01  1.57244211191209e-01  0.250000   2  98.0%  97.9%
361  -1.00000000e+00  -1.00000000e+00  2.13942588351536e-01  1.38595699542459e-01  0.250000   2  98.0%  97.8%
362  -1.00000000e+00  -1.00000000e+00  2.13732783926210e-01  1.44048198018820e-01  0.500000   1  98.0%  97.7%
363  -1.00000000e+00  -1.00000000e+00  2.13555111052965e-01  1.35171047019846e-01  0.500000   1  98.0%  97.7%
364  -1.00000000e+00  -1.00000000e+00  2.13392090132963e-01  1.73227239200423e-01  0.500000   1  98.0%  97.6%
365  -1.00000000e+00  -1.00000000e+00  2.13253726367128e-01  2.72469479745870e-01  0.500000   1  98.1%  97.9%
366  -1.00000000e+00  -1.00000000e+00  2.13046595697889e-01  2.58838986044666e-01  0.500000   1  98.0%  97.8%
367  -1.00000000e+00  -1.00000000e+00  2.12847007396962e-01  4.55582651764474e-01  0.500000   1  98.0%  97.8%
368  -1.00000000e+00  -1.00000000e+00  2.12671881088921e-01  1.60958962570846e-01  0.250000   2  98.0%  97.9%
369  -1.00000000e+00  -1.00000000e+00  2.12512356141793e-01  3.41056258080855e-01  0.500000   1  98.0%  97.8%
370  -1.00000000e+00  -1.00000000e+00  2.12397861175917e-01  2.65923499437999e-01  0.250000   2  98.0%  97.7%
371  -1.00000000e+00  -1.00000000e+00  2.12213764672043e-01  3.30825692915575e-01  0.500000   1  98.0%  97.7%
372  -1.00000000e+00  -1.00000000e+00  2.12098660843817e-01  8.92886035928161e-02  0.250000   2  98.0%  97.6%
373  -1.00000000e+00  -1.00000000e+00  2.11941083303516e-01  1.81146482001670e-01  0.500000   1  98.0%  97.7%
374  -1.00000000e+00  -1.00000000e+00  2.11781642922851e-01  2.17119786011471e-01  0.500000   1  98.0%  97.6%
375  -1.00000000e+00  -1.00000000e+00  2.11667664669280e-01  1.63720860720278e-01  0.500000   1  98.1%  97.5%
376  -1.00000000e+00  -1.00000000e+00  2.11548329472280e-01  1.77512805918512e-01  0.500000   1  98.1%  97.5%
377  -1.00000000e+00  -1.00000000e+00  2.11398580755837e-01  1.92960802853807e-01  0.500000   1  98.1%  97.8%
378  -1.00000000e+00  -1.00000000e+00  2.11268008772540e-01  2.85298364743111e-01  0.500000   1  98.1%  97.6%
379  -1.00000000e+00  -1.00000000e+00  2.11171309803169e-01  1.45566107805131e-01  0.500000   1  98.1%  97.6%
380  -1.00000000e+00  -1.00000000e+00  2.11027073350503e-01  1.34695480541882e-01  0.500000   1  98.1%  97.5%
381  -1.00000000e+00  -1.00000000e+00  2.10892187998127e-01  1.96197524132804e-01  0.500000   1  98.1%  97.7%
382  -1.00000000e+00  -1.00000000e+00  2.10772895758223e-01  1.15436987015223e-01  0.500000   1  98.1%  97.7%
383  -1.00000000e+00  -1.00000000e+00  2.10666406298146e-01  1.22941346644112e-01  0.500000   1  98.1%  97.6%
384  -1.00000000e+00  -1.00000000e+00  2.10574713604810e-01  1.53101326062083e-01  0.500000   1  98.1%  97.6%
385  -1.00000000e+00  -1.00000000e+00  2.10467013529309e-01  1.25409359131072e-01  0.500000   1  98.1%  97.7%
386  -1.00000000e+00  -1.00000000e+00  2.10343149725713e-01  9.45601479376879e-02  0.500000   1  98.1%  97.7%
387  -1.00000000e+00  -1.00000000e+00  2.10214253542836e-01  2.20005500530929e-01  0.500000   1  98.1%  97.7%
388  -1.00000000e+00  -1.00000000e+00  2.10119949240442e-01  2.87912899833167e-01  0.500000   1  98.1%  97.7%
389  -1.00000000e+00  -1.00000000e+00  2.10031354665513e-01  9.64906049472232e-02  0.500000   1  98.1%  97.7%
390  -1.00000000e+00  -1.00000000e+00  2.09894480647018e-01  1.34248195187494e-01  1.000000   0  98.1%  97.7%
391  -1.00000000e+00  -1.00000000e+00  2.09802173898200e-01  1.37201411696225e-01  0.500000   1  98.2%  97.7%
392  -1.00000000e+00  -1.00000000e+00  2.09695394487985e-01  9.77120213513999e-02  0.500000   1  98.2%  97.8%
393  -1.00000000e+00  -1.00000000e+00  2.09608032426827e-01  1.85168920499905e-01  0.500000   1  98.1%  97.7%
394  -1.00000000e+00  -1.00000000e+00  2.09522626776059e-01  1.04153899631178e-01  0.500000   1  98.1%  97.8%
395  -1.00000000e+00  -1.00000000e+00  2.09393158634417e-01  1.88479947882306e-01  1.000000   0  98.2%  97.8%
396  -1.00000000e+00  -1.00000000e+00  2.09284950345986e-01  5.35664046690791e-02  0.500000   1  98.1%  97.8%
397  -1.00000000e+00  -1.00000000e+00  2.09184720543812e-01  2.79380694648828e-01  0.500000   1  98.1%  97.8%
398  -1.00000000e+00  -1.00000000e+00  2.09091731855311e-01  3.15650907370937e-01  0.500000   1  98.2%  97.8%
399  -1.00000000e+00  -1.00000000e+00  2.08983824558615e-01  1.27458746889571e-01  0.500000   1  98.2%  97.8%
400  -1.00000000e+00  -1.00000000e+00  2.08817382015567e-01  1.91171819453236e-01  1.000000   0  98.1%  97.8%
401  -1.00000000e+00  -1.00000000e+00  2.08722403926334e-01  2.16235789370144e-01  0.500000   1  98.1%  97.9%
402  -1.00000000e+00  -1.00000000e+00  2.08633433925322e-01  9.63093950906569e-02  0.500000   1  98.2%  97.8%
403  -1.00000000e+00  -1.00000000e+00  2.08545182557476e-01  2.35669396972790e-01  0.500000   1  98.2%  97.9%
404  -1.00000000e+00  -1.00000000e+00  2.08408030216836e-01  1.84189095926252e-01  0.500000   1  98.2%  97.8%
405  -1.00000000e+00  -1.00000000e+00  2.08320108575413e-01  7.63898146537622e-02  0.500000   1  98.2%  97.8%
406  -1.00000000e+00  -1.00000000e+00  2.08159040727814e-01  2.39644418915020e-01  1.000000   0  98.2%  97.9%
407  -1.00000000e+00  -1.00000000e+00  2.08072636856160e-01  1.83814885963800e-01  0.500000   1  98.2%  97.8%
408  -1.00000000e+00  -1.00000000e+00  2.08001231722333e-01  2.86378377643333e-01  0.500000   1  98.2%  97.8%
409  -1.00000000e+00  -1.00000000e+00  2.07893882814590e-01  2.37478458520817e-01  0.500000   1  98.1%  98.0%
410  -1.00000000e+00  -1.00000000e+00  2.07791891582464e-01  1.80003065392118e-01  0.500000   1  98.1%  98.0%
411  -1.00000000e+00  -1.00000000e+00  2.07665460972315e-01  1.97775990595042e-01  0.500000   1  98.2%  98.0%
412  -1.00000000e+00  -1.00000000e+00  2.07564621958717e-01  1.43317299621549e-01  0.500000   1  98.2%  98.0%
413  -1.00000000e+00  -1.00000000e+00  2.07445958969260e-01  2.37675666436554e-01  1.000000   0  98.2%  97.9%
414  -1.00000000e+00  -1.00000000e+00  2.07343418153047e-01  1.73577036266834e-01  0.500000   1  98.1%  97.9%
415  -1.00000000e+00  -1.00000000e+00  2.07236242453276e-01  1.79836474510632e-01  0.500000   1  98.1%  97.9%
416  -1.00000000e+00  -1.00000000e+00  2.07101396481244e-01  1.80982942843931e-01  0.500000   1  98.1%  98.0%
417  -1.00000000e+00  -1.00000000e+00  2.07037143803957e-01  2.55961217866189e-01  0.250000   2  98.1%  98.0%
418  -1.00000000e+00  -1.00000000e+00  2.06919961721062e-01  3.41241667192995e-01  0.500000   1  98.1%  98.1%
419  -1.00000000e+00  -1.00000000e+00  2.06824664774384e-01  1.83186145705713e-01  0.500000   1  98.1%  98.0%
420  -1.00000000e+00  -1.00000000e+00  2.06738690145530e-01  2.90786437687781e-01  0.500000   1  98.2%  98.1%
421  -1.00000000e+00  -1.00000000e+00  2.06604092463684e-01  2.79562320870765e-01  1.000000   0  98.1%  98.1%
422  -1.00000000e+00  -1.00000000e+00  2.06497946731454e-01  1.73838458406782e-01  0.500000   1  98.1%  98.0%
423  -1.00000000e+00  -1.00000000e+00  2.06360588730426e-01  1.76687535539745e-01  1.000000   0  98.1%  98.0%
424  -1.00000000e+00  -1.00000000e+00  2.06231948609866e-01  4.84506700599930e-02  1.000000   0  98.1%  97.9%
425  -1.00000000e+00  -1.00000000e+00  2.06112092246006e-01  2.49635889303526e-01  1.000000   0  98.1%  98.0%
426  -1.00000000e+00  -1.00000000e+00  2.06030072973578e-01  1.70898330037883e-01  0.500000   1  98.1%  98.0%
427  -1.00000000e+00  -1.00000000e+00  2.05937065218847e-01  1.08419335330674e-01  0.500000   1  98.2%  98.0%
428  -1.00000000e+00  -1.00000000e+00  2.05844674987247e-01  1.23049783437692e-01  0.500000   1  98.2%  98.1%
429  -1.00000000e+00  -1.00000000e+00  2.05728494286847e-01  1.03089372052965e-01  0.500000   1  98.2%  98.1%
430  -1.00000000e+00  -1.00000000e+00  2.05640329974182e-01  2.28704834923069e-01  0.500000   1  98.2%  98.1%
431  -1.00000000e+00  -1.00000000e+00  2.05562416691534e-01  1.95946460806686e-01  0.500000   1  98.2%  98.1%
432  -1.00000000e+00  -1.00000000e+00  2.05483797538454e-01  1.97987925270005e-01  0.500000   1  98.2%  98.2%
433  -1.00000000e+00  -1.00000000e+00  2.05368018316083e-01  1.77011836331754e-01  1.000000   0  98.3%  98.0%
434  -1.00000000e+00  -1.00000000e+00  2.05250255234708e-01  1.95511123077400e-01  1.000000   0  98.2%  98.0%
435  -1.00000000e+00  -1.00000000e+00  2.05160050632915e-01  5.94436101624480e-02  0.500000   1  98.3%  98.0%
436  -1.00000000e+00  -1.00000000e+00  2.05078608543384e-01  1.09274442815430e-01  0.500000   1  98.3%  98.0%
437  -1.00000000e+00  -1.00000000e+00  2.04974194053293e-01  1.54896230426124e-01  0.500000   1  98.3%  98.1%
438  -1.00000000e+00  -1.00000000e+00  2.04901448442231e-01  1.26957758770357e-01  0.500000   1  98.3%  98.2%
439  -1.00000000e+00  -1.00000000e+00  2.04820055060558e-01  8.72646622957831e-02  0.500000   1  98.2%  98.2%
440  -1.00000000e+00  -1.00000000e+00  2.04736218495934e-01  3.06544648274263e-02  0.500000   1  98.3%  98.1%
441  -1.00000000e+00  -1.00000000e+00  2.04655565366894e-01  2.38608936497949e-01  0.500000   1  98.3%  98.1%
442  -1.00000000e+00  -1.00000000e+00  2.04562689054022e-01  1.61732215918408e-01  0.500000   1  98.3%  98.1%
443  -1.00000000e+00  -1.00000000e+00  2.04485481221556e-01  2.15567430786304e-01  0.500000   1  98.3%  98.1%
444  -1.00000000e+00  -1.00000000e+00  2.04412166124336e-01  2.20324906488859e-01  0.500000   1  98.3%  98.0%
445  -1.00000000e+00  -1.00000000e+00  2.04316537607017e-01  1.26347899858832e-01  0.500000   1  98.3%  98.0%
446  -1.00000000e+00  -1.00000000e+00  2.04199775741466e-01  1.00368604252986e-01  1.000000   0  98.3%  98.0%
447  -1.00000000e+00  -1.00000000e+00  2.04103158694288e-01  1.03731558269680e-01  1.000000   0  98.3%  98.1%
448  -1.00000000e+00  -1.00000000e+00  2.03999771040868e-01  1.71212325250149e-01  1.000000   0  98.3%  98.1%
449  -1.00000000e+00  -1.00000000e+00  2.03890844398353e-01  7.95301486046432e-02  0.500000   1  98.3%  98.1%
450  -1.00000000e+00  -1.00000000e+00  2.03811474790612e-01  7.51231239415671e-02  0.500000   1  98.3%  98.0%
451  -1.00000000e+00  -1.00000000e+00  2.03749761110025e-01  1.01577606707310e-01  0.500000   1  98.3%  98.0%
452  -1.00000000e+00  -1.00000000e+00  2.03697127258984e-01  1.26463491685395e-01  0.500000   1  98.3%  98.0%
453  -1.00000000e+00  -1.00000000e+00  2.03599780441617e-01  1.08348651149358e-01  1.000000   0  98.3%  98.0%
454  -1.00000000e+00  -1.00000000e+00  2.03546248773572e-01  1.37884902861109e-01  0.500000   1  98.3%  98.0%
455  -1.00000000e+00  -1.00000000e+00  2.03502243742964e-01  1.42692948620993e-01  0.250000   2  98.3%  98.0%
456  -1.00000000e+00  -1.00000000e+00  2.03426928610625e-01  5.92045937090560e-02  0.500000   1  98.3%  98.0%
457  -1.00000000e+00  -1.00000000e+00  2.03353564334872e-01  7.86367945940131e-02  1.000000   0  98.3%  98.0%
458  -1.00000000e+00  -1.00000000e+00  2.03290624536309e-01  7.49646695658759e-02  1.000000   0  98.3%  97.9%
459  -1.00000000e+00  -1.00000000e+00  2.03235871539032e-01  8.90583291385495e-02  0.500000   1  98.3%  97.9%
460  -1.00000000e+00  -1.00000000e+00  2.03181206556242e-01  2.83115784629134e-02  0.500000   1  98.3%  97.9%
461  -1.00000000e+00  -1.00000000e+00  2.03111543446489e-01  7.98542458694296e-02  1.000000   0  98.3%  97.9%
462  -1.00000000e+00  -1.00000000e+00  2.03049207046362e-01  5.83590640409137e-02  1.000000   0  98.3%  98.0%
463  -1.00000000e+00  -1.00000000e+00  2.02982405952126e-01  2.07731529285289e-01  1.000000   0  98.3%  98.0%
464  -1.00000000e+00  -1.00000000e+00  2.02940592150025e-01  9.09986340465386e-02  0.500000   1  98.4%  98.0%
465  -1.00000000e+00  -1.00000000e+00  2.02894158842426e-01  6.42483435729137e-02  0.500000   1  98.3%  98.0%
466  -1.00000000e+00  -1.00000000e+00  2.02825314393208e-01  1.19589826218066e-01  1.000000   0  98.3%  98.0%
467  -1.00000000e+00  -1.00000000e+00  2.02774676382071e-01  9.24324776992617e-02  1.000000   0  98.3%  97.9%
468  -1.00000000e+00  -1.00000000e+00  2.02703057603544e-01  1.28142661950805e-01  1.000000   0  98.3%  97.9%
469  -1.00000000e+00  -1.00000000e+00  2.02630115640377e-01  6.41286424457458e-02  1.000000   0  98.4%  97.9%
470  -1.00000000e+00  -1.00000000e+00  2.02578670296227e-01  1.28261859733749e-01  1.000000   0  98.4%  97.9%
471  -1.00000000e+00  -1.00000000e+00  2.02510382988114e-01  1.40595104848316e-01  1.000000   0  98.4%  97.9%
472  -1.00000000e+00  -1.00000000e+00  2.02457063906514e-01  5.49636349928358e-02  0.500000   1  98.4%  97.9%
473  -1.00000000e+00  -1.00000000e+00  2.02379982160193e-01  6.03419467993972e-02  1.000000   0  98.4%  97.9%
474  -1.00000000e+00  -1.00000000e+00  2.02326819624547e-01  8.40042318352040e-02  1.000000   0  98.4%  98.0%
475  -1.00000000e+00  -1.00000000e+00  2.02245791026003e-01  7.54924550754370e-02  1.000000   0  98.4%  98.0%
476  -1.00000000e+00  -1.00000000e+00  2.02196159513351e-01  1.01512184819035e-01  0.500000   1  98.4%  98.0%
477  -1.00000000e+00  -1.00000000e+00  2.02144735322826e-01  6.79660686213473e-02  0.500000   1  98.4%  98.0%
478  -1.00000000e+00  -1.00000000e+00  2.02060326817918e-01  2.60042299006392e-01  1.000000   0  98.4%  98.0%
479  -1.00000000e+00  -1.00000000e+00  2.01991610082560e-01  1.48441354905569e-01  1.000000   0  98.4%  98.0%
480  -1.00000000e+00  -1.00000000e+00  2.01910795156894e-01  1.01344072221155e-01  1.000000   0  98.4%  98.0%
481  -1.00000000e+00  -1.00000000e+00  2.01858670396384e-01  6.49784645981593e-02  0.500000   1  98.3%  98.0%
482  -1.00000000e+00  -1.00000000e+00  2.01791122454106e-01  1.18484058142368e-01  1.000000   0  98.4%  98.0%
483  -1.00000000e+00  -1.00000000e+00  2.01742750802390e-01  4.31860873474207e-02  0.500000   1  98.4%  98.0%
484  -1.00000000e+00  -1.00000000e+00  2.01659320182426e-01  1.83946660751181e-01  1.000000   0  98.3%  98.0%
485  -1.00000000e+00  -1.00000000e+00  2.01613749105781e-01  4.47624672781243e-02  0.500000   1  98.3%  98.0%
486  -1.00000000e+00  -1.00000000e+00  2.01542977129889e-01  5.47401595389997e-02  1.000000   0  98.4%  98.0%
487  -1.00000000e+00  -1.00000000e+00  2.01472109069627e-01  1.22759564583076e-01  1.000000   0  98.3%  98.0%
488  -1.00000000e+00  -1.00000000e+00  2.01432383315430e-01  1.56325657262737e-01  0.500000   1  98.3%  98.0%
489  -1.00000000e+00  -1.00000000e+00  2.01368934028525e-01  1.50161477669435e-01  1.000000   0  98.4%  98.0%
490  -1.00000000e+00  -1.00000000e+00  2.01312275582659e-01  1.79141799180406e-01  1.000000   0  98.4%  98.0%
491  -1.00000000e+00  -1.00000000e+00  2.01253170387163e-01  7.92397491871866e-02  1.000000   0  98.3%  98.0%
492  -1.00000000e+00  -1.00000000e+00  2.01203455215701e-01  7.95317594281349e-02  0.500000   1  98.3%  98.0%
493  -1.00000000e+00  -1.00000000e+00  2.01138263683119e-01  7.91516984851965e-02  1.000000   0  98.3%  98.0%
494  -1.00000000e+00  -1.00000000e+00  2.01085137775382e-01  1.36292122598519e-01  1.000000   0  98.3%  98.0%
495  -1.00000000e+00  -1.00000000e+00  2.01023436445970e-01  1.73700824071680e-01  1.000000   0  98.3%  98.0%
496  -1.00000000e+00  -1.00000000e+00  2.00984497680089e-01  5.70814498790731e-02  0.500000   1  98.3%  98.0%
497  -1.00000000e+00  -1.00000000e+00  2.00936169906653e-01  7.05513290158545e-02  1.000000   0  98.3%  98.1%
498  -1.00000000e+00  -1.00000000e+00  2.00892445746832e-01  1.63120838529537e-01  1.000000   0  98.3%  98.0%
499  -1.00000000e+00  -1.00000000e+00  2.00835882804351e-01  8.20033288182960e-02  1.000000   0  98.3%  98.0%
