1.99547057695564e-01
-2.74105407489677e-01
-4.01371655406532e-01
-2.12225276327966e-01
1.22760156138848e-01
2.12521439413491e-01
2.77233778416475e-01
-3.61999419339944e-01
3.95651864202226e-02
1.54365714091983e-02
1.20885514150005e-01
2.16509660386095e-02
2.31463192424316e-02
-2.62416771883268e-02
6.97732398659171e-02
9.93015525438392e-02
-5.22855491245700e-01
1.87634790675957e-01
-2.44391584310042e-01
-3.70816505705165e-01
-1.57423831595879e-01
1.40725804279479e-01
1.97704209964401e-01
2.88546882181059e-01
-3.29265417438855e-01
5.16806351403124e-02
2.85697066419002e-02
1.55034238019855e-01
2.75774807580607e-02
2.67529078998861e-02
-4.11598801226192e-02
8.80387328914627e-02
1.32931828392642e-01
-4.93067621635010e-01
1.77702081510816e-01
-1.75876095796606e-01
-3.12872322135851e-01
-4.71428743130553e-02
1.67208221756585e-01
1.66120263952370e-01
2.98830530178225e-01
-2.85228908333545e-01
7.26924703450252e-02
4.34088012419596e-02
2.03374020605437e-01
1.16573335105629e-02
3.41029695880052e-02
-5.96725024929268e-02
1.14204474956182e-01
1.73568132099361e-01
-4.25267796520720e-01
1.65945058258467e-01
-8.18742130883859e-02
-2.43284250606817e-01
8.74289128083580e-02
1.87762089291011e-01
1.29061735159944e-01
3.02347856960485e-01
-2.46955018639615e-01
1.05507981095565e-01
3.94950923062592e-02
2.47664196094913e-01
-2.62877078205534e-02
4.76737468318290e-02
-8.26244364111641e-02
1.37807397790547e-01
1.97154504069540e-01
-3.22394241345868e-01
1.58960765802118e-01
5.57324538912918e-03
-1.59940667578430e-01
1.89510889332341e-01
1.92105001977291e-01
8.67696819142061e-02
2.95683521987576e-01
-2.13528493444461e-01
1.48848045142287e-01
1.97916696781643e-02
2.75070013432867e-01
-6.29893569172129e-02
6.74756146896458e-02
-1.10455792262292e-01
1.46898995635251e-01
2.16436743654997e-01
-2.09866206172136e-01
1.52049437395884e-01
6.58266188757528e-02
-7.70020167062589e-02
2.33563225495121e-01
1.84438895502998e-01
5.23177198105482e-02
2.80458595242168e-01
-1.85022926751948e-01
1.90462955829626e-01
-3.91260653112537e-03
2.85195972875612e-01
-8.32465977187545e-02
9.02953208128018e-02
-1.37388382946813e-01
1.34109509747396e-01
2.39231017719841e-01
-1.07436550086562e-01
1.43575935426413e-01
9.01569635043960e-02
2.83947566394948e-03
2.44328702271182e-01
1.72272048431819e-01
3.01451977044851e-02
2.67659045188868e-01
-1.52860866486264e-01
2.14098935887382e-01
-2.59677406504654e-02
2.81866342178667e-01
-8.02224237340093e-02
1.10805182313965e-01
-1.61273429152823e-01
1.07449631533898e-01
2.60822845706254e-01
-2.01870675903213e-02
1.42673881152097e-01
9.36317332493715e-02
5.18540172594655e-02
2.38526615303950e-01
1.56275150676658e-01
2.37427254099315e-02
2.58650871626763e-01
-1.33953392763250e-01
2.18866287904679e-01
-4.36461395347127e-02
2.83237027756579e-01
-6.77401705066797e-02
1.23567007940580e-01
-1.78691886599142e-01
6.56971620775956e-02
2.81096101037244e-01
6.23419391295132e-02
1.58221505027429e-01
9.22262020616710e-02
5.28759642926536e-02
2.25841719691347e-01
1.43944066507750e-01
1.80491062352922e-02
2.69698290042609e-01
-1.17036565029281e-01
2.10775534953891e-01
-5.95383130118649e-02
3.01749699891947e-01
-4.70298419429208e-02
1.23980347969888e-01
-1.83037249389648e-01
-1.14056505165604e-02
2.96579910729294e-01
1.30583204464518e-01
1.85357895214347e-01
8.51259919503285e-02
2.78579932707488e-02
2.13234360736021e-01
1.36556876628596e-01
1.59229034524898e-02
2.92893705138862e-01
-1.06918997136438e-01
1.86619014909896e-01
-7.91286997620315e-02
3.48554980503907e-01
-2.62815597649853e-02
1.20590521592059e-01
-1.80503965360358e-01
-1.08426198994198e-01
3.09172405609061e-01
1.89475417630294e-01
2.17490804023114e-01
7.94875578595652e-02
1.62195955911301e-02
1.96251475603117e-01
1.31939567344965e-01
1.74811858890458e-02
2.94056974444473e-01
-9.96727725313196e-02
1.43639548367885e-01
-9.96802042985999e-02
4.02213582096657e-01
-1.18197504210447e-02
1.15848899396455e-01
-1.77819741556276e-01
-1.66531283557317e-01
3.09970198328798e-01
2.26105582331153e-01
2.56901899613103e-01
8.72656519829320e-02
3.17363158924637e-02
1.74494393358953e-01
1.22512775868202e-01
2.38954656798771e-02
2.50043242181740e-01
-8.35789005247123e-02
9.28516538461399e-02
-1.22277821955919e-01
4.08253914365458e-01
-7.37789700701083e-03
1.11756556382381e-01
-1.72203325545515e-01
-1.59841836908304e-01
2.95257343716784e-01
2.49763906840864e-01
2.93957489912564e-01
1.07496760671512e-01
6.70079134610619e-02
1.36733218733558e-01
1.01533634750502e-01
4.19052893165478e-02
1.58532577009648e-01
-5.31956687617369e-02
3.72700300563189e-02
-1.43224354479593e-01
3.53942302208483e-01
-2.06302500169642e-02
1.18136264013602e-01
-1.67192239349090e-01
-7.80009929591981e-02
2.52138371562008e-01
2.71829371233250e-01
3.28796244024938e-01
1.37277223831896e-01
1.11148436232060e-01
7.69485670809592e-02
7.33954429263243e-02
8.27425611569787e-02
2.87553250664742e-02
-5.29063260671887e-03
-6.26744572658407e-03
-1.59840594415553e-01
2.72755574505779e-01
-6.98913299715549e-02
1.33632700432625e-01
-1.57741620467081e-01
5.48953960173115e-02
1.85161740938880e-01
2.90542611078877e-01
3.47751709262269e-01
1.81905655811694e-01
1.05604111037553e-01
1.63656624653952e-03
3.92203702976653e-02
1.40073501658329e-01
-6.80988557124406e-02
3.53887240302802e-02
-2.95880681621699e-02
-1.72886994876354e-01
2.36364527619985e-01
-1.75693588037558e-01
1.56226486862771e-01
-1.45134270014995e-01
1.48007495952085e-01
1.34263051540423e-01
3.17336853587858e-01
3.61011559137573e-01
2.24294466531272e-01
8.67957648506079e-02
-1.22047580031274e-01
-2.52548120358617e-03
2.02851519615120e-01
-9.34267365077383e-02
-3.45271271897631e-03
-3.11833778127451e-02
-1.83801689735200e-01
2.28456476984305e-01
-3.11658122204895e-01
1.77313557350771e-01
-1.23372630458498e-01
1.83195698188033e-01
1.35506075553359e-01
3.16292781691874e-01
3.73196556197419e-01
2.45459399603218e-01
6.94341608477022e-02
-2.69297629944543e-01
-5.46599559429546e-02
2.47981528355640e-01
-8.78482413807691e-02
-4.58621644180182e-02
-2.36561410471943e-02
-1.94632407775048e-01
2.25549186571876e-01
-3.77988667196832e-01
2.00454840157757e-01
-1.02594271033216e-01
1.91732054660690e-01
1.34263997352444e-01
3.27815030572042e-01
3.91390025778674e-01
2.45484628531817e-01
4.30447488307174e-02
-2.62438910752476e-01
-1.21093455427096e-01
2.78120939185248e-01
-5.96732169360880e-02
-2.21606952011104e-02
-8.11120988446142e-03
-1.93581045214137e-01
2.30258693701047e-01
-3.70051329276241e-01
2.25106009346103e-01
-8.67692917979642e-02
1.95939502612827e-01
1.65248531206919e-01
3.26075114875078e-01
4.12326057198478e-01
2.43012038980363e-01
1.56077069244432e-02
-7.11658778149126e-02
-1.86465381278218e-01
2.91010241953481e-01
-2.45929873111706e-02
8.77898724352109e-02
1.14813856385211e-02
-1.81179627993635e-01
2.42104724708220e-01
-2.94228813365389e-01
2.37018440007233e-01
-6.36526315581390e-02
2.15747170352584e-01
1.98361707128251e-01
3.28304299876930e-01
4.05753035549526e-01
2.32554392060958e-01
-1.44290096026913e-02
4.37585030817764e-02
-2.34907412054689e-01
2.92428287015978e-01
1.50384299360243e-02
1.26118197825655e-01
2.65402971250040e-02
-1.52941380078409e-01
2.54774693593414e-01
-2.07518106703910e-01
2.21692536745788e-01
-4.41176565827821e-02
2.34139152180073e-01
2.38850085171087e-01
3.25065934112823e-01
3.48220987304192e-01
2.14550206077029e-01
-3.78064222944749e-02
2.28106159359035e-01
-2.79911936141174e-01
2.76231203942615e-01
5.53534066363668e-02
1.19235064761290e-01
4.99791893420374e-02
-1.19636622293365e-01
2.58297353229973e-01
-1.15740018798844e-01
1.82847071381979e-01
-3.04309583822200e-02
2.69178424092545e-01
3.46465194534352e-01
2.69138426829497e-01
2.35831303838468e-01
1.95216629380555e-01
-6.52504763962181e-02
2.27035689874037e-01
-3.35930982986617e-01
2.52413415740838e-01
1.00878009046592e-01
2.19536112303791e-01
9.69633653707734e-02
-6.75722985924724e-02
2.47972403557482e-01
3.79754141330150e-02
1.07255042211300e-01
-3.09752486649053e-02
3.14643357710844e-01
2.84335596290454e-01
1.66513640524360e-01
1.59595393604977e-01
1.85616956858501e-01
-8.40201609234403e-02
1.09542568999485e-01
-3.63877308318059e-01
2.34958089594951e-01
1.39208024056956e-01
9.27048850889008e-02
1.68409447162764e-01
-3.15761866579837e-03
2.29272206195107e-01
1.46487541710143e-01
2.54849470966065e-02
-4.86462650956441e-02
3.58825291353013e-01
2.38140936976139e-01
1.33783724557356e-01
1.27576771371893e-01
1.76905269407391e-01
-9.96861136365643e-02
1.65329929446386e-01
-3.71856700196311e-01
2.21671795643960e-01
1.67605717212497e-01
-4.60307296187103e-02
2.05279106058880e-01
5.58452718328727e-02
2.09397409222724e-01
3.22924840017470e-01
-2.36390700769466e-02
-6.63553937436399e-02
3.90155723251092e-01
1.38748047656041e-01
6.67129716193542e-02
1.19292691349524e-01
1.73638350522979e-01
-1.27672037443464e-01
2.39769525844098e-01
-3.54282706991648e-01
2.09355651142231e-01
1.57362935980031e-01
-8.91848605762245e-02
2.04514166796908e-01
1.01963891509646e-01
2.03924464810000e-01
4.09930500660788e-01
-4.05489358815642e-02
-7.45467348315510e-02
3.97114458509180e-01
9.82257668225864e-02
3.39478574029126e-02
1.23797498927750e-01
1.73754125347445e-01
-1.54094235708440e-01
2.63555187546105e-01
-3.21382385006588e-01
2.03516994452090e-01
1.24400720331962e-01
-9.07372197791668e-02
1.75271824402871e-01
1.28427119971495e-01
2.08783627089139e-01
4.41545522755167e-01
-4.50296443425008e-02
-6.66303544765744e-02
3.92486630211241e-01
9.04970012263660e-02
2.85010549237451e-02
1.22718578763815e-01
1.74110571630350e-01
-1.73166243907962e-01
2.35283528041320e-01
-2.71523908225271e-01
2.06315674425665e-01
8.91619402508837e-02
-8.16622327357349e-02
1.23438128974415e-01
1.39029815662193e-01
2.20633625501823e-01
4.44919361842838e-01
-3.44518320841552e-02
-5.05416814440942e-02
3.74696015053228e-01
9.83773353638231e-02
4.30531097984400e-02
1.04427799890281e-01
1.73086507317492e-01
-1.79989274305420e-01
1.82101955114924e-01
-2.34792448303157e-01
2.14480216860867e-01
5.47194692657595e-02
-6.55745060583255e-02
6.03702095021643e-02
1.42875526221041e-01
2.36137886440777e-01
4.33152447730760e-01
-1.26123048439036e-02
-3.48337275671690e-02
3.52167242205509e-01
1.23211011000701e-01
8.04119526053425e-02
5.92612281997067e-02
1.76918946315862e-01
-1.79757349939779e-01
1.05441181833914e-01
-2.46787407221941e-01
2.25737756992994e-01
1.99667886654784e-02
-5.98615079437377e-02
-2.02723641525213e-02
1.41998033607014e-01
2.41527382998766e-01
4.13035714424844e-01
1.82142832393379e-02
-1.37303050454299e-02
3.26337324457282e-01
1.51559726488473e-01
1.33103800013348e-01
4.39566856425274e-02
1.78082729428579e-01
-1.74978652254389e-01
2.35104605314453e-02
-2.65142701747232e-01
2.40068185260696e-01
-5.11646602021048e-03
-6.35421789362769e-02
-6.85238229328955e-02
1.41929754930598e-01
2.49183876300507e-01
3.91787762277951e-01
4.51988093126750e-02
7.01695496457136e-03
3.02371565383191e-01
1.81413078606088e-01
1.81339380559845e-01
4.91464142517273e-02
1.77706069385186e-01
-1.69185660049069e-01
-4.62553347784595e-02
-2.64459132052260e-01
2.49368957087434e-01
-2.91498673413031e-02
-5.92618636092122e-02
-8.08336360422215e-02
1.42277736268848e-01
2.44773759938061e-01
3.70776861846476e-01
5.79898158129497e-02
2.55156916140826e-02
2.82487546481714e-01
2.02120297294882e-01
2.12776208368524e-01
5.73000709753372e-02
1.75224850325419e-01
-1.59744508618428e-01
-8.33199538428075e-02
-2.63240466715764e-01
2.49325499139351e-01
-4.08665848001185e-02
-5.70141683244930e-02
-7.84217760203099e-02
1.40954172165028e-01
2.37985267525116e-01
3.62430251984354e-01
6.69006628210277e-02
3.40468871766895e-02
2.65430725264072e-01
2.08147097721071e-01
2.24341199480175e-01
1.72183532590913e+01
-5.81148667758099e+00
-4.60920832537691e+00
-1.39852351135748e+01
9.35080087944701e-01
-4.21224583575149e+00
7.84338112969987e+00
-9.65084151584334e-02
-2.10433455932005e+01
-4.14310583823160e-01
1.27497834905181e+01
2.12962753643913e+01
-7.76829035513224e+00
4.28781898147076e+00
-1.66448533790196e+00
6.47533949648668e+00
1.06582026012956e+01
6.16965198213274e+00
-1.42806152240400e+01
-1.36315877328025e+01
-1.73342423343651e+01
2.30824966423861e+01
1.78519469860513e+01
7.94366322373329e-01
-2.43751397500041e+01
