2.38105119661072e+00
-1.61382317359803e+00
2.95534581788841e+00
1.57237151898384e+00
-2.79498966698439e+00
2.75704921650410e+00
-2.12497703850324e-01
6.18140048725645e-01
9.04934015352792e-01
-4.68865613634942e-01
-1.18283991339459e+00
-1.97279004633803e+00
2.02796816137223e+00
3.25761759961510e-01
1.10310174406954e+00
1.37822663418274e+00
-2.09946054622964e-01
-2.43047929599344e+00
1.87425947950911e+00
1.87088502567547e+00
-3.01495605700234e+00
-1.42202587857339e+00
2.80764893387434e+00
1.61614663871887e+00
4.19747725230884e-01
7.62167729850006e-01
9.20262089685743e-01
1.15788442620838e-01
-2.78985958179583e+00
7.51058618642269e-01
-3.05962618053529e+00
-9.59931821412483e-01
8.44024754636777e-01
2.55052262094927e+00
-1.85731816351543e+00
-5.34965566709711e-02
1.86779015432449e+00
1.61597878651941e-01
-1.12518606832247e+00
5.13020760238021e-02
-7.83583170942135e-01
-2.64038191845475e+00
2.55239487077381e+00
1.13194367772374e+00
1.59713303737855e+00
-1.80298833867120e+00
-2.78916316067345e+00
2.46120345038293e+00
1.73234384815680e+00
-1.66414952535700e+00
2.36829463302316e+00
-3.10580262763912e+00
5.06463596408124e-01
1.66716018906012e+00
3.06075065655783e+00
-1.59289897931284e+00
-2.93981762913741e+00
2.08621700596902e+00
-1.32954304443681e+00
3.56108096380007e-01
4.43796248837228e-01
5.59889897277117e-01
3.13893959564571e+00
-5.65330160931742e-01
-2.02577182373441e+00
-2.32105400421568e+00
7.87628896297138e-01
-1.12034375688671e+00
2.33817704453243e+00
-1.00168306976749e+00
1.48099213281498e+00
-4.16182685928476e-01
-2.45952412260507e+00
2.36561899105611e+00
2.56532354993913e+00
-1.61273260593248e+00
1.66936554982381e-01
-1.86162733538326e-01
-1.76199150877141e+00
-2.30600902795330e+00
-1.26373278857809e+00
-1.70114887849993e+00
-1.81177653463210e+00
-2.17999302069518e+00
8.80675092357787e-01
-1.47367701004018e+00
3.04754509305660e+00
9.25330440786184e-01
2.59486339707717e+00
7.04921485196439e-01
2.07059763664796e-03
2.48731959670284e-01
-1.58374669788343e+00
-1.26118559704012e+00
-7.90230361955666e-01
4.12960104604887e-01
-2.38240321423681e+00
-1.02507490527276e+00
3.09222757890177e+00
-2.44320555031136e-01
4.64517725400344e-01
-1.21736214701877e-01
-2.63461173018213e+00
-8.43678114112310e-01
1.03050148218217e+00
-9.20412070707442e-01
2.06057794583117e+00
-6.86498379395213e-01
1.33736849262369e+00
-3.14153393095392e+00
2.67096773111435e+00
-2.16142604702651e-01
-8.34254449390722e-01
-2.12303015652898e+00
-1.06079167448174e+00
-1.86662570839071e+00
2.26924431572282e+00
-3.57561220355052e-01
-1.99961662549790e-02
-9.55301066108313e-01
2.30729767411305e+00
-1.73799562267986e+00
7.94810006250315e-01
-6.28386299112416e-02
3.05731789202189e+00
1.66445392959456e-02
7.06741993096998e-02
-4.17463565267434e-01
-3.09777869821362e-01
-1.83739145117768e+00
-2.11082790418413e-01
-1.40086811681363e+00
1.90344102653755e+00
1.63669919053092e+00
-1.56765829615425e+00
1.79643337233637e+00
-5.58706254928536e-01
-2.29195960054460e-01
2.35908383956630e+00
-3.21968181589164e-01
-1.98314441199380e+00
-3.07767044305236e+00
-2.01315925296109e+00
-3.61096947185790e-01
-6.58249630780290e-02
1.38039645185066e+00
9.21174915861304e-01
2.72915841380788e+00
-2.20329804480979e+00
-2.13710895329339e+00
-2.67706639770133e+00
-1.11026179432585e+00
6.36276675565390e-01
-5.25082844143223e-01
1.40252573514823e+00
-3.12297668128577e+00
1.72408258723466e+00
-4.13672640828290e-01
2.73783913142055e-01
2.12198504425521e+00
-2.85248651848963e+00
1.93780257592205e-01
-1.86627494954513e+00
2.70114630732456e+00
1.18463562619430e+00
-1.76002417526463e+00
-2.60996778536886e+00
8.89238953158184e-01
-4.63908958664002e-01
1.84597249526288e+00
3.11816795286249e+00
2.25967955522900e+00
1.84757881359375e+00
-7.92424069499984e-01
-2.97518046149263e-02
-1.32399505412764e+00
2.16960734785692e+00
1.59438490640471e+00
-5.97214232692602e-01
8.37287129116560e-01
2.93430154429439e+00
-4.12179262775358e-01
2.13912104793253e-01
3.07871478683437e+00
2.97520255320563e+00
-2.70047398136559e+00
1.82945618511780e-01
2.77001304804414e+00
1.23800325793353e+00
-2.80987234396993e+00
-1.85119963071364e+00
-2.32663842365925e+00
6.72191460071683e-01
2.02965010370852e+00
2.46199767960159e+00
-2.12395397542212e+00
-1.10892660004618e+00
2.46211792977648e+00
-7.89669810550378e-01
8.93183180464548e-01
2.84989978182978e+00
-1.36108612253362e+00
-2.53698072491525e+00
1.40586498840513e+00
3.55037549391475e-02
-1.70804608910043e+00
-2.71519614213838e-02
-2.99347336151524e+00
8.60424921293743e-01
2.20598722155366e+00
2.52166932293452e+00
-1.94433533624271e+00
-1.78776381863773e+00
-1.66494679606455e+00
4.73717036485739e-01
2.65361509907985e-01
-3.18828687761545e-01
-1.24047079432038e+00
2.84581511393626e+00
-1.37987302886557e+00
-2.84523496863877e+00
-1.67018423652167e+00
1.76329543305024e+00
-1.00632825713507e+00
-5.46193203541533e-01
1.69219729701999e+00
2.37503417980795e+00
-1.68509570737852e+00
-1.97958855568219e+00
-3.26279736980870e-01
1.66655063757012e+00
-1.38917277788914e+00
2.66101163524576e+00
-6.43896217334472e-02
1.77389885397097e+00
2.54744312279175e+00
1.64758316428686e+00
-6.51135938360284e-01
1.05400364330298e+00
2.31390761878521e+00
-1.11442410492412e+00
6.76893126770875e-01
1.35883478250685e+00
2.44795222424378e+00
-1.66790655207821e+00
2.43660680588461e+00
4.35895181996912e-01
2.82060232269369e+00
9.91689740958311e-01
-1.66429630461437e+00
1.71581871029132e+00
2.41862124952888e-01
9.44253414996203e-01
-2.25449033728455e+00
1.62728235461439e+00
1.33111469621162e+00
-1.15484801421470e+00
2.80264706261091e+00
2.93001877060384e+00
2.05049048924503e+00
2.63919146223069e+00
1.31188966693309e+00
-1.65456402140775e+00
-7.66161276690934e-01
-2.72271711518268e+00
-2.78842806971238e-01
6.72497330071424e-01
2.18006381840579e+00
-2.46612381049158e-01
2.00290494579289e-01
-2.00762798126615e+00
-6.34396437481352e-01
2.52621429214264e+00
5.89255575121014e-01
-6.53758945152672e-01
6.04276750537966e-02
2.89814198201970e+00
-1.06347153413750e+00
2.44802880766422e+00
-2.09669887135678e+00
-1.86267436251808e+00
-1.08932958247633e+00
1.86278518187398e+00
1.32117976391302e+00
-2.28066832429031e+00
-1.13118835604299e+00
2.08858322611661e+00
-2.48010128065873e+00
2.89494698684750e-01
-9.67279071412394e-01
-1.15569905399989e+00
-3.88944818653258e-02
-8.93375084477475e-01
8.41927336638617e-01
-3.23482558458881e-01
-1.85879610307993e+00
-2.46933706349833e+00
-2.22445539149269e+00
8.51476491306217e-01
-5.07915304159018e-01
-2.70112963350602e+00
1.96398474916468e+00
2.99820033601399e+00
-3.11004073634970e-01
-1.87262462290476e+00
1.64386885276475e+00
2.54052738263560e+00
1.37908597742238e+00
-4.12959424977742e-01
2.34287431035780e+00
-1.16512835692180e+00
1.29322998684106e+00
1.46069546634771e+00
-2.90608825335916e+00
8.23398606248639e-01
2.00447127800091e+00
2.09456715747074e+00
-5.73235186951266e-01
-2.99917161119356e+00
-1.65774006436743e+00
-6.83929252395112e-01
-1.88193068844886e+00
-3.64857976962107e-02
1.23118412072426e+00
2.99626496132156e+00
-2.83539369909629e-01
-1.08596912877141e+00
-9.00307039198770e-01
-1.43744854155951e-01
1.76353788615997e+00
-1.39966388770071e+00
-1.48517238910125e+00
-2.05747533578528e+00
4.51740101309880e-01
-2.16681733983289e+00
-2.40767476154738e+00
3.80809194906563e-01
1.07426801181617e+00
-9.80902878076824e-01
1.85428529690829e+00
1.67277253273734e+00
2.41306822270258e+00
3.00873223464927e+00
-4.24937991617336e-02
1.18948564062963e+00
-2.60254820493073e+00
-1.75458453986611e-01
2.04778958231205e+00
-8.01449535879578e-01
1.40272234841042e-01
-2.78899996505877e+00
-1.07655313102328e+00
-1.67200793244895e+00
1.86649341445196e+00
2.22780721698767e+00
2.28963980840831e+00
-2.48291368050494e+00
-3.06546976542650e+00
2.34510675504913e+00
1.68271531912472e+00
-1.41094479772100e+00
-5.55902396805278e-01
2.14404291722762e+00
-1.08623696562407e+00
1.62594191313434e+00
2.00579359767177e+00
2.27029346810197e+00
2.83836031051406e+00
-1.64290144282278e+00
-1.35310114460123e+00
5.85997545181711e-01
2.25704452510255e-01
2.65814603563290e+00
-1.61449329877779e+00
-7.04540948591228e-01
-3.97268831808022e-01
-1.42882400034868e+00
-3.61087057252680e-01
2.45634127325167e+00
-1.06542399249638e+00
1.96622174563069e+00
1.89298249269442e+00
-1.37375268765130e+00
2.19488001909300e+00
2.64278132457051e+00
-3.09128564996592e+00
-1.82977343554823e+00
4.92514707580348e-01
2.82691517508367e+00
-8.36930580889605e-01
-2.44965615101227e+00
1.43060810397862e+00
4.27116205979511e-01
-6.18900683249638e-01
-9.04786536321276e-02
-6.01377955629829e-01
1.60852307729598e+00
-1.78472411600448e+00
2.77698188446311e+00
-1.46473203955931e+00
-2.33792675842100e+00
-7.76782072507284e-01
-2.71844541003241e-02
2.08388800747890e+00
2.95968210310147e+00
1.76280880744251e+00
-9.86774046542592e-01
-2.48360277230520e+00
-1.06222734494278e+00
4.39528400042644e-03
-1.76241492970854e+00
2.24409863446833e+00
1.00896972570221e+00
-2.62818550089006e+00
2.53671426607948e+00
1.92460985708666e+00
-1.83416706464883e+00
1.85128576105988e+00
1.21604200049461e+00
-1.03226461967802e+00
-1.33721404426173e-01
-2.27688011295761e+00
-1.26405587710748e+00
3.12926946278033e+00
-2.83468691070568e+00
2.80137336888391e+00
-3.18370489729343e-01
2.26891328571199e+00
-7.33491444841303e-02
2.97047767621005e-01
8.50773805311755e-02
-1.33282823743873e+00
1.48197104741675e+00
-7.65969970130989e-01
-1.70648905863790e+00
-2.16461618772190e+00
-1.47517382178234e+00
-1.37929650303960e+00
1.01023437518304e+00
-2.58750999464278e+00
-7.37683639631646e-01
-1.18107695421123e+00
-7.05947043083576e-01
-1.19204811177822e+00
1.15062985466934e-02
-2.25831974066905e+00
1.12076943235673e+00
-1.36808537748154e+00
2.91403195554039e+00
1.78962302604919e+00
1.60736877501288e+00
2.70431786249204e+00
1.21906286607671e+00
-1.09550494841702e+00
-2.62196162784213e+00
-1.47973673752513e+00
-8.16891980020552e-01
2.77786239497543e+00
2.26210488055637e+00
6.05778389500826e-02
2.66496704865090e+00
2.83733515919912e+00
-1.35906882581409e+00
1.71464305961841e+00
2.71380177251025e+00
2.71676108250666e-01
2.70449623946631e+00
1.71284544847352e+00
9.21701330682199e-01
-1.97549139195150e+00
-1.96868365660189e+00
-2.56547534267274e+00
2.20567130979062e+00
-8.08639452423831e-01
-1.97287323051323e+00
1.45076518856128e+00
-2.06092732249405e+00
-1.43054734932261e+00
3.32661016420434e-01
-2.23666375879725e+00
2.45125077146403e+00
-2.33941759448883e+00
-1.76549504650912e+00
2.42496961306044e+00
2.83666944530531e+00
5.52479129034436e-02
1.02195589748922e-01
-8.25109002124198e-02
-1.70559928185326e+00
-2.90878184955373e+00
1.17420254280265e+00
-2.89963083880037e+00
1.38290495686859e+00
9.16195294611182e-01
-2.95768009663771e+00
-2.15660509821989e+00
1.80022278878142e+00
2.02726689188172e+00
-1.63325503377464e+00
2.67569956726189e+00
-2.53406407005304e+00
-2.98686625284372e+00
5.12302059683476e-01
-2.75029148462140e+00
2.32510808489527e+00
2.32872685661738e+00
-1.99192918053721e+00
-6.62148541712902e-01
-8.20914488252321e-01
1.26705835409499e+00
2.36285933181233e+00
-4.45764337107686e-01
7.37481877618653e-02
2.62582120931729e-01
2.86716584690686e+00
-1.66156424128860e+00
2.84519127960257e+00
-1.35592307618000e+00
3.02081641973845e+00
1.64488717172874e+00
-1.00935421798073e+00
-1.93454933170172e+00
-1.67960910841889e+00
-1.49909255720991e-01
2.76098213437908e+00
7.20645480738038e-01
-2.19460101283768e+00
-2.39321892257459e+00
2.85728105532966e+00
-1.14040872844245e-01
1.07123591322293e-01
1.02983827175283e-01
-2.07377776909212e+00
9.43604316153927e-01
-5.70189882692603e-01
-2.37447848042227e+00
-2.03546385311817e+00
2.75839862039249e+00
4.27441373804220e-01
-1.43180266861399e+00
1.38742818041734e+00
3.00486606783470e+00
-2.49401740722449e+00
-2.16733598721507e-01
1.88984719022776e+00
2.95916165867090e+00
2.84727373277189e+00
2.84323161773014e+00
5.26878101749808e-01
8.10596989076607e-01
1.76650648825126e+00
-2.37682630713398e+00
-1.18984543035058e-01
-2.55741576125583e+00
-1.02711172731878e-01
2.96698107847876e+00
2.75093518157125e+00
2.03262380110134e+00
-1.79879913541964e+00
-1.24100691484506e+00
-1.30644627928025e+00
-2.12308092718959e+00
1.35681944298326e+00
-4.83731660747412e-01
-2.87108823077426e+00
8.32990655880153e-02
3.11113919114035e-01
-2.21396649398294e+00
1.68047021865906e+00
3.60090427991925e-01
1.57328259242660e+00
1.47293262359814e+00
9.26345136876131e-01
-1.87939937850090e+00
-2.28584283478533e+00
-1.77324960928912e+00
-1.11240396466447e+00
-1.63209106672761e+00
-1.64948805330725e+00
-5.48140152197449e-01
-2.78519641387064e+00
1.69833956571133e+00
1.06203775112906e+00
-2.78968601396716e+00
-1.52633608338594e+00
-2.67934127735422e+00
-1.24930802788006e+00
-5.72696518346391e-01
-2.40842453595242e+00
2.60650763219573e+00
-2.98991380154642e-01
1.20795328673411e+00
1.15302258816158e+00
1.49994757858784e+00
-2.99588504691747e+00
1.97543082384087e+00
-6.56925358096904e-01
2.19463372060260e+00
1.74382424675746e+00
1.10862133469924e+00
-1.47812881367069e+00
-1.13268228058184e+00
-2.26218145844781e+00
-2.24450500891522e+00
1.67054230360652e+00
4.27405428595340e-01
-1.16636216052729e+00
5.19977773864218e-01
2.87297861941595e+00
1.78309086380197e+00
-2.46121468857631e-01
2.96184220573312e+00
1.41691599518350e+00
-2.86155623742779e+00
-2.19308699053897e+00
1.53190946236957e-01
2.88335754680155e+00
2.07276628403877e+00
-1.74550599639316e+00
1.37594274298675e+00
5.95593001735908e-01
-2.75359621004859e+00
-2.63888005983117e+00
3.09931506751578e+00
-2.67326372653792e-01
2.28634210540473e+00
-2.80947648104263e+00
-2.84576835841812e+00
2.17089093015541e+00
-8.47066522354694e-01
6.09368411824581e-01
-2.13526702341278e+00
1.75184510220848e+00
-5.03149932840023e-01
-2.26597638762174e+00
1.58508134617924e+00
2.91277931150649e+00
-2.38976058503528e+00
9.70299316972790e-01
1.13343343077997e+00
-7.14367758269931e-01
2.00318510513513e+00
1.33409732586031e+00
-2.63721604381655e+00
-1.41197637298868e+00
-1.87470955812115e+00
-2.00873598508040e+00
-5.02241194887799e-01
1.21955896945729e-01
2.28705880316096e+00
1.27690435053725e+00
2.60914807576890e+00
-1.59299528072011e+00
-3.43307084719463e-01
1.78201021385536e-01
1.59285389384585e+00
1.45125656716203e+00
4.02044536031563e-01
-1.84830269495437e+00
-1.01999374546393e+00
-2.12637805846316e+00
2.56787823795353e+00
-2.86061531633932e+00
2.81248139570143e+00
-6.62286683018032e-01
-1.28647928122219e+00
2.87151638384899e-01
-7.55101178645694e-01
-4.97568776289035e-01
-2.15276469243037e-01
-2.68913345236834e-01
-7.64341144447654e-01
2.52808217746670e-02
2.44631793501003e+00
3.13888365449486e+00
1.79823358062064e+00
-1.68979355904487e+00
2.78286762856144e+00
-1.69809334271565e+00
-2.72107936586895e+00
2.17952911380146e-01
2.87611843244421e+00
4.20275748742041e-01
7.40919091052769e-01
1.27678152948925e+00
-7.89937192655599e-01
-2.29134213889962e+00
2.63233847486589e+00
-1.78158337933951e+00
2.28558822293603e+00
-1.25464617589480e+00
2.83804487655903e+00
1.91619755507291e+00
2.66741463818600e+00
1.93061033747814e+00
-2.72045557727202e+00
2.62292416684823e+00
1.42015553799633e+00
-4.97952824558778e-01
5.91391602447997e-01
1.69152466103366e+00
-2.17252197060475e+00
-2.47271401803138e+00
2.94075168738697e+00
1.89757850323761e+00
-1.69026606182101e-01
1.31335444539920e+00
-1.83326157211782e+00
-1.83346173698758e+00
-5.58226993478977e-01
2.89214996926779e-03
2.34577667988228e+00
-6.16269201848459e-01
1.42926568165048e+00
2.68562148793100e+00
-2.83203422679020e+00
-1.25297007760894e+00
-2.52270723896100e+00
-2.22026800898172e+00
-1.15254738225380e+00
-1.64326053583601e+00
6.62171071365848e-01
-4.27359459384735e-01
-1.62319622449708e+00
-1.11925001917417e+00
5.30889273241062e-01
1.54017384855622e+00
4.73580143811835e-01
-2.87593026095339e+00
1.59698559868815e+00
-2.88303916435453e+00
-2.23764715166422e+00
-2.19455112254264e+00
6.76352061584582e-01
-1.52688431552412e-01
2.49384428339894e+00
3.07389310251574e+00
-1.60178622313561e+00
2.17927274580908e+00
2.59771469772923e+00
-1.12955392701155e+00
-8.99832435407659e-01
-5.44765394460362e-01
2.39632912811646e+00
1.45390496662767e+00
2.07010959559959e+00
-1.16346691233622e+00
-1.14474210599406e+00
5.56680230623311e-01
1.71848608147743e+00
-2.08644687827439e+00
-1.48395434970550e+00
-2.44703943445281e+00
2.67495863191021e+00
-4.05491614103110e-01
-1.78816345175550e+00
1.25520278852850e+00
-2.87354937815574e+00
-1.64653147091996e+00
1.41688219441470e+00
-2.02918728629048e+00
-2.98685771090672e+00
9.36067246403916e-01
-3.09961219855137e+00
-2.41482200533802e+00
2.01744862694305e+00
1.29946114996389e+00
-2.21971618745724e+00
-2.47680063025522e+00
3.55264902851367e-01
-1.83775846623610e+00
2.29008405292149e+00
-9.23187324741309e-01
1.85297321503754e+00
3.56555052766658e-01
3.72529780727755e-01
-2.29599189981172e+00
1.34684710590007e-02
-8.98041374568697e-01
-2.62624071879019e+00
-2.53997085966665e+00
-3.88784640054006e-01
2.70023162820000e+00
4.03676812124497e-01
-2.70611769078005e-01
2.74881895488627e+00
-1.42141666836971e-01
1.73695835195333e+00
2.88581201175579e+00
9.84616358136980e-01
-1.62430214560754e+00
-4.70552564268810e-01
3.51865699865323e-01
2.27026444385795e+00
1.57001029936444e+00
-2.17331695734676e+00
4.21629355593058e-02
-1.42813935294365e+00
5.89023200373476e-01
-7.88116066478625e-01
2.23218330481413e+00
8.50377745981949e-01
-2.17233190591931e+00
-1.86931341573158e+00
2.13555739267804e+00
1.73275389652972e+00
1.47130862646632e+00
-2.96664346713122e+00
-2.03732668299298e-01
1.88067867012692e+00
1.53219573359489e+00
-9.46843624648407e-01
-1.48321190282287e+00
-8.24543689420703e-01
9.17836231740051e-01
-3.10066092636791e+00
-5.46584236671460e-01
1.08551931812790e+00
3.14136633028712e+00
-2.76255164693547e+00
1.04398277172997e+00
2.90552441537967e+00
1.07344619083216e+00
-8.19697598502584e-01
-2.73176112798109e+00
-1.74691104789850e+00
8.04083697870208e-01
-2.42125771510584e+00
-1.11015491663894e+00
-9.37176092398684e-01
-1.53913015257867e+00
2.16792715653091e+00
6.64527085093305e-01
2.98145135746369e+00
-1.76325814027412e+00
1.07394490431431e+00
-2.31282489542918e+00
1.93005584962586e+00
7.83841895389774e-01
1.62169640982110e+00
8.85899099428318e-01
-1.45244541056151e+00
-1.55363895349926e+00
1.96062128442479e+00
1.67553468998381e+00
3.10767497594891e-01
1.41755865321451e+00
-1.75891721751995e+00
-1.15190150614420e+00
1.18840248446070e+00
1.48241125779910e-01
-1.09762185179942e+00
8.29049802252975e-01
-4.34888154813961e-01
2.99527791378668e+00
-8.77067835640394e-01
2.25308030095479e+00
-1.60501488531265e+00
6.04083738323627e-01
2.79293517145943e+00
2.07565429548803e+00
1.04675154102917e+00
-1.69246657746485e+00
2.77062966396229e+00
-6.36373125886788e-01
2.98082548173610e-01
1.84121875261388e-01
1.22341855707612e+00
2.59832853113791e+00
-1.20418110734048e+00
3.05996737356745e+00
-1.56906583162731e-01
-1.24267287845840e+00
-3.22573688243815e-01
1.13842660518674e+00
-1.32673853681890e+00
-2.00082463334361e+00
-2.51923128373054e+00
-6.82853219212908e-01
2.58274515066479e+00
-1.37063668974385e-01
-1.84405507856033e+00
1.87964117251765e+00
-1.93789925127998e+00
-6.90322481721978e-01
-2.55795536789612e+00
3.13505619152198e+00
5.77566568068186e-01
-1.68120281484789e+00
-2.34697459028684e+00
2.24426956924843e-01
-2.69154435569976e+00
8.35364709197159e-01
2.79563037376632e-01
-1.19429067386026e+00
-1.57665484741771e+00
-1.51949611275590e+00
5.20023682703182e-01
-1.91571387044514e+00
-2.85213080736090e+00
-2.00147981683486e+00
2.68790020751362e-01
1.49023140623224e+00
-5.25659017664935e-01
1.44689471268058e+00
2.89441856558474e+00
1.19204217753573e+00
2.47027848206368e+00
1.36896471530378e+00
1.20857163116555e+00
2.04410112912441e+00
-2.38409683782407e-01
2.59152941239776e+00
1.93547289364885e+00
2.44022850595418e-01
9.79443895491845e-01
-2.06092416403358e+00
3.22000073826694e-01
-7.40285444317221e-01
-1.81604415401951e+00
-2.56093146560871e+00
4.97412915112948e-01
4.40490889431872e-01
1.06432060294811e+00
-1.46594168119770e+00
-4.84670984048335e-01
-9.62229746919077e-01
-1.22992689939958e+00
1.90560054099980e+00
2.63398080138514e+00
5.22476368186882e-01
-2.71665752028823e+00
1.28363281672792e+00
9.03444042954495e-01
9.41955376899175e-02
1.48554515720394e+00
2.19470039150381e+00
-1.47151625249622e+00
-1.23378359722215e+00
-3.03957884429984e+00
2.40114949853786e-01
-3.61668905791457e-02
3.69611789785582e-01
1.62526771557472e+00
-6.08837558631377e-01
1.23796956009259e+00
-3.47104956509378e-01
-1.47286737463941e-01
2.86425812675442e+00
-2.40302816886986e+00
1.55139361366691e+00
3.25379234355313e-01
-2.96875432922121e+00
-1.44916879652009e+00
1.21535318580958e+00
1.12049783355685e+00
2.94813749287871e-01
1.00206627523376e+00
2.54509503249930e+00
2.49279349558386e+00
8.35331067886429e-01
7.15744716718903e-01
2.52738411209817e+00
3.13231306628735e+00
-1.01043207979172e+00
-1.12777877565170e+00
2.03030605172960e+00
2.60139541630442e+00
1.16878524188425e+00
1.20392821171944e+00
-1.28589448251597e+00
9.84401506873081e-01
-2.62409614817657e+00
-1.64622970537848e+00
-1.40925311432772e+00
8.46150901634293e-01
3.05774888300914e+00
3.08915400570371e-01
2.56172668611598e+00
-1.50471784828589e+00
-5.00574787461366e-01
-1.35392833179388e+00
9.05784297325670e-01
1.11253296629464e+00
-5.35274582951488e-01
-2.43152235736805e+00
9.48799716033587e-01
-1.91133564013329e+00
7.08055434314288e-01
1.44413127608811e+00
7.89083781459195e-01
-2.02514416339303e-02
-1.74231397691550e+00
-1.70509985293532e+00
4.45204014137725e-01
-1.50079812389698e+00
1.82647508502398e+00
2.42501149671554e+00
1.50566211829380e+00
2.20117340225496e+00
