6.89313811620573e-01
-9.99074488024404e-01
1.85171950238416e-01
9.99998759385040e-01
-3.39704773437689e-01
3.75135955826213e-01
-2.10902078646838e-01
5.79520382115789e-01
7.86384395475589e-01
-4.51874611291987e-01
-9.25684075943734e-01
-9.20282772987538e-01
8.97304470992964e-01
3.20030575524098e-01
8.92610009817352e-01
9.81515684101840e-01
-2.08407139296358e-01
-6.52677694807356e-01
9.54307330692181e-01
9.55310273056071e-01
-1.26298393009220e-01
-9.88954072400538e-01
3.27771424660339e-01
9.98971850834304e-01
4.07530090784955e-01
6.90491073898375e-01
7.95760371923683e-01
1.15529887434122e-01
-3.44525292040000e-01
6.82412957408401e-01
-8.18747218862980e-02
-8.19152464614533e-01
7.47323455722987e-01
5.57249837883820e-01
-9.59232665807184e-01
-5.34710435203760e-02
9.56220555777747e-01
1.60895471956827e-01
-9.02347806770908e-01
5.12795753036558e-02
-7.05822223743803e-01
-4.80487706996186e-01
5.55694249068877e-01
9.05239769639734e-01
9.99653208883683e-01
-9.73164326774733e-01
-3.45178992596380e-01
6.29095610182026e-01
9.86979553029205e-01
-9.95645753743406e-01
6.98499132581486e-01
-3.57823857111369e-02
4.85087823898545e-01
9.95360594816212e-01
8.07539696200460e-02
-9.99755746319793e-01
-2.00408659047354e-01
8.70085446142386e-01
-9.71039303573571e-01
3.48629154303956e-01
4.29371050054979e-01
5.31092909606691e-01
2.65305483173388e-03
-5.35694636983539e-01
-8.98271796080560e-01
-7.31513201666961e-01
7.08682386897939e-01
-9.00250157832989e-01
7.19731579547072e-01
-8.42379159027698e-01
9.95970312680479e-01
-4.04271943348365e-01
-6.30400110887309e-01
7.00411348558887e-01
5.44899374455717e-01
-9.99120803107457e-01
1.66162275184091e-01
-1.85089301871985e-01
-9.81777813046849e-01
-7.41688101957718e-01
-9.53225255734169e-01
-9.91516129355769e-01
-9.71104510277672e-01
-8.20107941261310e-01
7.71168839102504e-01
-9.95287624894361e-01
9.39089809383915e-02
7.98819590289910e-01
5.19896049084338e-01
6.47974029756866e-01
2.07059615707700e-03
2.46175140653449e-01
-9.99916145116301e-01
-9.52452247978747e-01
-7.10515392751547e-01
4.01322351240816e-01
-6.88333695315404e-01
-8.54753070319950e-01
4.93450274185667e-02
-2.41897113927217e-01
4.47991681875571e-01
-1.21435754939949e-01
-4.85540143548504e-01
-7.47093081919335e-01
8.57557053856930e-01
-7.95851193222353e-01
8.82435613304981e-01
-6.33832674405742e-01
9.72879207082913e-01
-5.87226358429578e-05
4.53443357972086e-01
-2.14463586612913e-01
-7.40795908820386e-01
-8.51354801711159e-01
-8.72742236482876e-01
-9.56560678988238e-01
7.65841098714344e-01
-3.49990741813537e-01
-1.99948337148886e-02
-8.16487601868248e-01
7.40823133493508e-01
-9.86054730558230e-01
7.13730542322899e-01
-6.27972829947726e-02
8.41750404536181e-02
1.66437707708206e-02
7.06153795862683e-02
-4.05443153377792e-01
-3.04847086893108e-01
-9.64673495397858e-01
-2.09518779939700e-01
-9.85596909973803e-01
9.45182039498886e-01
9.97829192131801e-01
-9.99995076385889e-01
9.74651780366398e-01
-5.30089621559142e-01
-2.27194583252848e-01
7.05060753911937e-01
-3.16434217809429e-01
-9.16182326739951e-01
-6.38786878827585e-02
-9.03742674846208e-01
-3.53300650511563e-01
-6.57774375956752e-02
9.81928636667962e-01
7.96312858448715e-01
4.00840636787513e-01
-8.06551107238877e-01
-8.43885072029322e-01
-4.47999308437462e-01
-8.95815064846802e-01
5.94204846029784e-01
-5.01284689974319e-01
9.85875878262091e-01
-1.86148970813940e-02
9.88274647081409e-01
-4.01974887514564e-01
2.70376343819087e-01
8.51902592441044e-01
-2.85095570415981e-01
1.92569765672371e-01
-9.56662878027669e-01
4.26343255149540e-01
9.26361896752133e-01
-9.82149770043261e-01
-5.06934621024031e-01
7.76592510501065e-01
-4.47447338469258e-01
9.62377344686026e-01
2.34225585323745e-02
7.71956400534322e-01
9.61939640117411e-01
-7.12057353652040e-01
-2.97474155756403e-02
-9.69698841285571e-01
8.26006379383446e-01
9.99721802355941e-01
-5.62341092442805e-01
7.42829641564380e-01
2.05809759384456e-01
-4.00607027137507e-01
2.12284454324036e-01
6.28364423489590e-02
1.65623392384716e-01
-4.26951318894188e-01
1.81926820739568e-01
3.63087689655065e-01
9.45133580066528e-01
-3.25670033839574e-01
-9.60943904837981e-01
-7.27694205593298e-01
6.22702208404623e-01
8.96560772354373e-01
6.28478035274409e-01
-8.50869812042614e-01
-8.95220870113822e-01
6.28384496857942e-01
-7.10120831401278e-01
7.79071339320472e-01
2.87573998583122e-01
-9.78091284445686e-01
-5.68442843960096e-01
9.86429630850676e-01
3.54962965637353e-02
-9.90596027563566e-01
-2.71486253420902e-02
-1.47578279681209e-01
7.58119729042685e-01
8.04958447326909e-01
5.80972759301690e-01
-9.31041749345455e-01
-9.76554744203808e-01
-9.95571117601209e-01
4.56197140988176e-01
2.62258141528732e-01
-3.13454494019693e-01
-9.45936806874655e-01
2.91483713768931e-01
-9.81829443546381e-01
-2.92038617632726e-01
-9.95065085946093e-01
9.81529190594871e-01
-8.44873284838943e-01
-5.19438062129356e-01
9.92639948369418e-01
6.93660412568248e-01
-9.93474934252862e-01
-9.17601582624093e-01
-3.20521267735285e-01
9.95419057768070e-01
-9.83551732985836e-01
4.62294457889447e-01
-6.43451374764895e-02
9.79445484934903e-01
5.59804237083355e-01
9.97053339067302e-01
-6.06090317213433e-01
8.69408365242312e-01
7.36367081299801e-01
-8.97657142860010e-01
6.26374173280805e-01
9.77620130097885e-01
6.39340624724705e-01
-9.95288506423342e-01
6.48023050919498e-01
4.22222046144857e-01
3.15506463368264e-01
8.36951928369507e-01
-9.95632060598654e-01
9.89502671378730e-01
2.39510965944564e-01
8.10059401097783e-01
-7.75244650745781e-01
9.98405088468126e-01
9.71413602870315e-01
-9.14733558988212e-01
3.32492857919119e-01
2.09998947238265e-01
8.87136110705462e-01
4.81531398127722e-01
9.66670476956962e-01
-9.96493537800775e-01
-6.93374255927031e-01
-4.06733462042708e-01
-2.75243337125544e-01
6.22941509981283e-01
8.20067428129661e-01
-2.44120239853083e-01
1.98954026436698e-01
-9.06096643229973e-01
-5.92691495240862e-01
5.77267516563456e-01
5.55742295896590e-01
-6.08174558488040e-01
6.03909064521606e-02
2.41052972933110e-01
-8.74047358444924e-01
6.39281736047409e-01
-8.64871222171986e-01
-9.57705157463223e-01
-8.86316656926811e-01
9.57673263164821e-01
9.69007214342769e-01
-7.58445306132799e-01
-9.04918574419656e-01
8.68916699342234e-01
-6.14294342721444e-01
2.85467986728807e-01
-8.23344522082314e-01
-9.15077096753832e-01
-3.88846761366738e-02
-7.79191636370772e-01
7.45928161698475e-01
-3.17870414205395e-01
-9.58813926637419e-01
-6.22752386230045e-01
-7.93864057998310e-01
7.52254045257908e-01
-4.86356780557205e-01
-4.26358337583860e-01
9.23692159337704e-01
1.42901432411684e-01
-3.06014695537459e-01
-9.54794594297114e-01
9.97331390732130e-01
5.65521358908040e-01
9.81679784256561e-01
-4.01321728745156e-01
7.16462563094353e-01
-9.18838999479713e-01
9.61725147326617e-01
9.93945020612528e-01
-2.33333492329771e-01
7.33460203966609e-01
9.07427635359669e-01
8.65939363427636e-01
-5.42352927022512e-01
-1.41940058248466e-01
-9.96222773553148e-01
-6.31843441655075e-01
-9.51986910420437e-01
-3.64777031710022e-02
9.42883918907288e-01
1.44816675381491e-01
-2.79755441190999e-01
-8.84755497625680e-01
-7.83517731327774e-01
-1.43250341995180e-01
9.81482777451523e-01
-9.85392546278476e-01
-9.96336509694954e-01
-8.83890934468862e-01
4.36531743975441e-01
-8.27575780533810e-01
-6.69784022218591e-01
3.71671818585300e-01
8.79241684439027e-01
-8.30999955363349e-01
9.60085394252520e-01
9.94804931076220e-01
6.65769353082073e-01
1.32469890840750e-01
-4.24810116448055e-02
9.28177677712483e-01
-5.13316172374017e-01
-1.74559571088235e-01
8.88379363234314e-01
-7.18365238280831e-01
1.39812680764336e-01
-3.45332153101133e-01
-8.80327963761996e-01
-9.94882476248419e-01
9.56599238706492e-01
7.91821373163732e-01
7.52567816684766e-01
-6.12072716297659e-01
-7.60493913192639e-02
7.14903368596431e-01
9.93743604231915e-01
-9.87250926616191e-01
-5.27710032991097e-01
8.40144577032036e-01
-8.84880292722156e-01
9.98479867443668e-01
9.06871192376830e-01
7.65166041033382e-01
2.98606632767362e-01
-9.97401552223520e-01
-9.76397836333624e-01
5.53030772920724e-01
2.23793002872020e-01
4.64833559342126e-01
-9.99045439222812e-01
-6.47684142412614e-01
-3.86901320557087e-01
-9.89938845810734e-01
-3.53291398364598e-01
6.32867665246281e-01
-8.74994275662499e-01
9.22832776193863e-01
9.48545455592635e-01
-9.80649632296720e-01
8.11498908117426e-01
4.78382043225947e-01
-5.02857868598460e-02
-9.66652437964860e-01
4.72843206900124e-01
3.09509802850844e-01
-7.42590892271796e-01
-6.38029507664171e-01
9.90189713474161e-01
4.14247802665219e-01
-5.80140099407665e-01
-9.03552552768858e-02
-5.65779212831525e-01
9.99288430552844e-01
-9.77204585994211e-01
3.56585677639722e-01
-9.94380454603124e-01
-7.19905318746228e-01
-7.00988113683433e-01
-2.71811060301565e-02
8.71231050829347e-01
1.80908928582914e-01
9.81622171906178e-01
-8.34251583554162e-01
-6.11527636200683e-01
-8.73442204298400e-01
4.39526984870874e-03
-9.81697261328987e-01
7.81766708941739e-01
8.46283432842521e-01
-4.91147981388794e-01
5.68662045525400e-01
9.38058234194553e-01
-9.65517938632449e-01
9.60920065284000e-01
9.37731854333410e-01
-8.58462658750036e-01
-1.33323239281825e-01
-7.60908774510587e-01
-9.53322862989072e-01
1.23228789097519e-02
-3.02110415840717e-01
3.33693815800715e-01
-3.13019354802826e-01
7.66053918933956e-01
-7.32833912559037e-02
2.92698547613965e-01
8.49747837104370e-02
-9.71818959854533e-01
9.96057627981276e-01
-6.93236392009475e-01
-9.90807858462239e-01
-8.28809400275156e-01
-9.95431650813536e-01
-9.81719875671418e-01
8.46956476311830e-01
-5.26163430032607e-01
-6.72575544901468e-01
-9.25015714729468e-01
-6.48754817772553e-01
-9.29128220536174e-01
1.15060446524879e-02
-7.72820087330326e-01
9.00435403873366e-01
-9.79524394641963e-01
2.25601781299058e-01
9.76152826524314e-01
9.99331302555009e-01
4.23472249156149e-01
9.38776901911855e-01
-8.89159425339092e-01
-4.96559901094891e-01
-9.95856939590837e-01
-7.29021944643858e-01
3.55762911452269e-01
7.70412411803526e-01
6.05407955883878e-02
4.58783480903450e-01
2.99584855783623e-01
-9.77669340873088e-01
9.89671886178079e-01
4.14861773419442e-01
2.68346445614214e-01
4.23310649099953e-01
9.89927976683348e-01
7.96631168514981e-01
-9.19222504481416e-01
-9.21881650395579e-01
-5.44772089752350e-01
8.05145847457787e-01
-7.23348408877671e-01
-9.20250223670244e-01
9.92804907745881e-01
-8.82271201072677e-01
-9.90181222429401e-01
3.26559312359405e-01
-7.86381232303345e-01
6.36800820243612e-01
-7.18869771110674e-01
-9.81106003060966e-01
6.56842099559639e-01
3.00219926780093e-01
5.52198113649027e-02
1.02017795207942e-01
-8.24173090395773e-02
-9.90927832307635e-01
-2.30713404783113e-01
9.22382091217936e-01
-2.39607752984430e-01
9.82400285215676e-01
7.93290899911466e-01
-1.82877537785054e-01
-8.33265210184199e-01
9.73796988632415e-01
8.97613799203570e-01
-9.98050088983083e-01
4.49220882327634e-01
-5.70840021049735e-01
-1.54109774298645e-01
4.90185061511484e-01
-3.81391555913670e-01
7.28743015037864e-01
7.26260159979062e-01
-9.12626421546142e-01
-6.14812766785680e-01
-7.31769407194987e-01
9.54225171050199e-01
7.02378356547910e-01
-4.31147653319935e-01
7.36813557238307e-02
2.59575027887690e-01
2.70995236686417e-01
-9.95883420325176e-01
2.92080401833402e-01
-9.77003428014379e-01
1.20482822816948e-01
9.97256528706166e-01
-8.46488201972261e-01
-9.34568148788421e-01
-9.94085728257869e-01
-1.49348406539874e-01
3.71487367850814e-01
6.59869810689897e-01
-8.11661914933322e-01
-6.80447936251738e-01
2.80496751976275e-01
-1.13793843846562e-01
1.06918826696689e-01
1.02801888289876e-01
-8.76149284016830e-01
8.09678632782126e-01
-5.39791901428743e-01
-6.94060576925378e-01
-8.93970604980542e-01
3.73884758009225e-01
4.14543736852802e-01
-9.90355922853129e-01
9.83235115561172e-01
1.36300985667035e-01
-6.03254321468764e-01
-2.15040791887049e-01
9.49533557098908e-01
1.81420761079715e-01
2.90088124720928e-01
2.93954048201079e-01
5.02837286171731e-01
7.24698668311996e-01
9.80909816650952e-01
-6.92368426116229e-01
-1.18703991297260e-01
-5.51512960539304e-01
-1.02530674592614e-01
1.73725632172487e-01
3.80796434733987e-01
8.95239697962255e-01
-9.74119767579783e-01
-9.46110562140177e-01
-9.65262525603139e-01
-8.51328166816927e-01
9.77194162043270e-01
-4.65085916794759e-01
-2.67217550763402e-01
8.32027673225127e-02
3.06119269529728e-01
-8.00198521150581e-01
9.93991844701220e-01
3.52358863105077e-01
9.99996909243196e-01
9.95215168443396e-01
7.99429590348840e-01
-9.52758791666415e-01
-7.55062748946389e-01
-9.79576237028343e-01
-8.96765047083601e-01
-9.98122065495815e-01
-9.96905403495617e-01
-5.21100759989626e-01
-3.48899205269522e-01
9.91877381139932e-01
8.73349870095556e-01
-3.44688228341367e-01
-9.99011806175417e-01
-4.45964331441766e-01
-9.48766197890460e-01
-5.41900285520047e-01
-6.69227084549222e-01
5.09914178824012e-01
-2.94556485164381e-01
9.34891512902749e-01
9.13994458163071e-01
9.97491277089492e-01
-1.45192574459199e-01
9.19246350790876e-01
-6.10685014558180e-01
8.11642808994222e-01
9.85067979015670e-01
8.95084795235357e-01
-9.95709437675142e-01
-9.05553355871221e-01
-7.70363587627476e-01
-7.81513241071175e-01
9.95029493177851e-01
4.14511025388500e-01
-9.19325199126191e-01
4.96860849454086e-01
2.65395427407527e-01
9.77550021572787e-01
-2.43644150827490e-01
1.78784047551494e-01
9.88183765941259e-01
-2.76390646331401e-01
-8.12545366383882e-01
1.52592481670461e-01
2.55374577281945e-01
8.76636411857944e-01
-9.84777046287598e-01
9.81076029591930e-01
5.60999749415618e-01
-3.78334545759057e-01
-4.81804296819881e-01
4.22649927469162e-02
-2.64153722199380e-01
7.54735306805619e-01
-3.26044290174237e-01
-2.91528438647084e-01
8.25282194140993e-01
-7.49341129621293e-01
5.72349665879373e-01
-8.44871879501534e-01
9.83655389928147e-01
-4.82187481717862e-01
-7.67938381010072e-01
9.99897970845633e-01
2.26821954356449e-01
-6.82978119490317e-01
8.25054880129287e-01
9.05871762615480e-01
-6.55139884236917e-01
9.07967345281322e-01
9.72117337441328e-01
-4.83261771137734e-01
-9.87414598813942e-01
-9.54172738441124e-01
-9.05627323108463e-01
-4.81391166443145e-01
1.21653808447971e-01
7.54264938186354e-01
9.57123701570999e-01
5.07641027609444e-01
-9.99753613340709e-01
-3.36603032365603e-01
1.77259370918412e-01
9.99756741730967e-01
9.92863627093200e-01
3.91300669477300e-01
-9.61741578825352e-01
-8.52104748521477e-01
-8.49593756873874e-01
5.42755489073452e-01
-2.77294791708414e-01
3.23202112860750e-01
-6.14921709250721e-01
-9.59853446562679e-01
2.83221643734781e-01
-6.85362350678075e-01
-4.77290524268081e-01
-2.13617524067881e-01
-2.65683993179101e-01
-6.92061561514318e-01
2.52781289477973e-02
6.40596413985595e-01
2.70899578151891e-03
9.74247445535067e-01
-9.92928180218577e-01
3.51080702250522e-01
-9.91908670077400e-01
-4.08229076664929e-01
2.16231418660190e-01
2.62366905953907e-01
4.08012220680526e-01
6.74966346582627e-01
9.57088115610684e-01
-7.10309064361404e-01
-7.51445717037595e-01
4.87526199746714e-01
-9.77866542925020e-01
7.55229661374431e-01
-9.50439414420325e-01
2.98907660590672e-01
9.40939682790607e-01
4.56607307840242e-01
9.35962326734232e-01
-4.08798441040498e-01
4.95724184975327e-01
9.88675116661447e-01
-4.77627969772300e-01
5.57516822910307e-01
9.92721182034243e-01
-8.24360014743168e-01
-6.20106647044182e-01
1.99493463314518e-01
9.47080157178558e-01
-1.68222906949616e-01
9.67044457947675e-01
-9.65753275563883e-01
-9.65701321008509e-01
-5.29683174965590e-01
2.89214593735625e-03
7.14434781178637e-01
-5.77994707672170e-01
9.90001245329468e-01
4.40334466689698e-01
-3.04638081733582e-01
-9.49916964201939e-01
-5.80127662793281e-01
-7.96403418191288e-01
-9.13801551260564e-01
-9.97375617904936e-01
6.14830535160919e-01
-4.14469190932921e-01
-9.98627439462447e-01
-8.99773435585987e-01
5.06300412454114e-01
9.99531168551663e-01
4.56075318834168e-01
-2.62548480810634e-01
9.99657080619593e-01
-2.55682389916567e-01
-7.85773369579696e-01
-8.11691056216479e-01
6.25952309105438e-01
-1.52095832591491e-01
6.03392387141743e-01
6.76478491635007e-02
-9.99519851591065e-01
8.20519876153520e-01
5.17458273800997e-01
-9.04221777989095e-01
-7.83222738809958e-01
-5.18217458640041e-01
6.78165501299787e-01
9.93175980320980e-01
8.77911591403838e-01
-9.18182071395839e-01
-9.10603549634070e-01
5.28370584451492e-01
9.89113677724886e-01
-8.69972118884496e-01
-9.96231604689434e-01
-6.40042223932163e-01
4.49882725961245e-01
-3.94470556439131e-01
-9.76468637520528e-01
9.50612323516698e-01
-2.64845093076732e-01
-9.97133464524278e-01
9.88178584605925e-01
-8.96765667758467e-01
-1.54118214185750e-01
8.05232370346667e-01
-4.19681253555765e-02
-6.64459731634512e-01
9.01898187993860e-01
9.63413903781639e-01
-7.96737019669567e-01
-6.16895459055096e-01
3.47838738265522e-01
-9.64576740907815e-01
7.52275200867231e-01
-7.97528521070471e-01
9.60451566279526e-01
3.49048034145181e-01
3.63972856069204e-01
-7.48369716253301e-01
1.34680638665639e-02
-7.82107906809526e-01
-4.92841104822390e-01
-5.65980254527541e-01
-3.79064037186776e-01
4.27170460167961e-01
3.92802270648256e-01
-2.67320991971092e-01
3.82752368423203e-01
-1.41663505759922e-01
9.86226824066864e-01
2.53000730148117e-01
8.33059927674715e-01
-9.98568905145665e-01
-4.53378864993994e-01
3.44649797197213e-01
7.65184727477136e-01
9.99999691080455e-01
-8.23909739431614e-01
4.21504444022501e-02
-9.89841739024308e-01
5.55549095074409e-01
-7.09026014823458e-01
7.89141092316028e-01
7.51529657515014e-01
-8.24467588983688e-01
-9.55773668744560e-01
8.44716505418710e-01
9.86913515509344e-01
9.95055179332441e-01
-1.74058099926063e-01
-2.02326201736720e-01
9.52369455476712e-01
9.99255089602596e-01
-8.11575445765814e-01
-9.96166935575284e-01
-7.34238073061726e-01
7.94288904172930e-01
-4.09202986337366e-02
-5.19772163386418e-01
8.84545771411752e-01
2.26323300743793e-04
-3.70029715781729e-01
8.64413541720943e-01
2.33881729441756e-01
8.78849891803128e-01
-7.30939491584964e-01
-3.98454810955798e-01
-9.84531845117763e-01
7.20195241178998e-01
-6.59636443651778e-01
-8.95767560399402e-01
-8.05889375816268e-01
-9.99498668599717e-01
8.26952270945362e-01
6.16686919061767e-01
1.59457696414145e-01
-9.81536324484168e-01
8.79087717897863e-01
-7.37099200927686e-01
9.36157418101963e-01
7.06005477673614e-01
9.98704870430654e-01
7.74484064473523e-01
-9.93004701262141e-01
-9.99852815881466e-01
9.24975594768713e-01
9.94519950123209e-01
3.05789460248327e-01
9.88282064481104e-01
-9.82357387656288e-01
-9.13539031019629e-01
9.27774050455940e-01
1.47698778258028e-01
-8.90126122128254e-01
7.37289772649570e-01
-4.21308969682481e-01
1.45793247255092e-01
-7.68867336454086e-01
7.76134544862844e-01
-9.99414602250489e-01
5.68008210465604e-01
3.41636374169427e-01
8.75243181401591e-01
8.65802312571037e-01
-9.92607301715088e-01
3.62513085717604e-01
-5.94282419585063e-01
2.93687852830121e-01
1.83083322079951e-01
9.40268639226424e-01
5.16932913918286e-01
-9.33545991437390e-01
8.15346696067035e-02
-1.56263543708732e-01
-9.46648760937386e-01
-3.17008552131579e-01
9.07975330667157e-01
-9.70365433315030e-01
-9.08953949137050e-01
-5.82955406862967e-01
-6.31009046972630e-01
5.30209386325961e-01
-1.36634915298020e-01
-9.62896569003919e-01
9.52685324208010e-01
-9.33371058823667e-01
-6.36785861862472e-01
-5.51062758580692e-01
6.53641552248559e-03
5.45986841292679e-01
-9.93911392273215e-01
-7.13596088423351e-01
2.22547726517908e-01
-4.35009023299028e-01
7.41541247094909e-01
2.75935676888784e-01
-9.29955088086496e-01
-9.99982838917140e-01
-9.98684432573956e-01
4.96900690008440e-01
-9.41103335870776e-01
-2.85436501167239e-01
-9.08680610340066e-01
2.65565098934309e-01
9.96756401793867e-01
-5.01783159556467e-01
9.92334009650097e-01
2.44664913808247e-01
9.29126026288016e-01
6.22015526619058e-01
9.79701049051946e-01
9.35110805374913e-01
8.90066722544349e-01
-2.36157591956630e-01
5.22741142552409e-01
9.34239161537075e-01
2.41608240031047e-01
8.30187479341959e-01
-8.82272687886588e-01
3.16464471086049e-01
-6.74498675808849e-01
-9.70077183120357e-01
-5.48576876012640e-01
4.77153556155169e-01
4.26383546758272e-01
8.74459555548214e-01
-9.94507786426107e-01
-4.65917262049753e-01
-8.20468335247589e-01
-9.42464366434994e-01
9.44474659864953e-01
4.86091613894478e-01
4.99027651922845e-01
-4.12261684801257e-01
9.59051120176012e-01
7.85463111142098e-01
9.40563031238209e-02
9.96368319357051e-01
8.11603861113615e-01
-9.95075780062469e-01
-9.43746673708243e-01
-1.01836961490520e-01
2.37814280014637e-01
-3.61590064475885e-02
3.61253465726288e-01
9.98516800693981e-01
-5.71914280502164e-01
9.45122570980314e-01
-3.40176849436984e-01
-1.46754790176788e-01
2.73793002398981e-01
-6.73227134338503e-01
9.99811773266817e-01
3.19668144599394e-01
-1.71979073098936e-01
-9.92612485795587e-01
9.37492365222791e-01
9.00317227969775e-01
2.90561640001514e-01
8.42585600960090e-01
5.61748378119330e-01
6.04229998763853e-01
7.41518676475008e-01
6.56179565402541e-01
5.76311899353628e-01
9.27945412432433e-03
-8.47061571831814e-01
-9.03462251893799e-01
8.96270046512030e-01
5.14305153783373e-01
9.20275978580939e-01
9.33455309217071e-01
-9.59689245246771e-01
8.32941056434769e-01
-4.94706002400917e-01
-9.97156251538315e-01
-9.86980246087536e-01
7.48734506052404e-01
8.37455712558876e-02
3.04025556770490e-01
5.47911818667634e-01
-9.97817611604447e-01
-4.79929882832863e-01
-9.76576157976270e-01
7.86909362177644e-01
8.96822123746853e-01
-5.10077235305090e-01
-6.51887079385550e-01
8.12716734134895e-01
-9.42574674395815e-01
6.50357855068745e-01
9.91988702191267e-01
7.09708098224488e-01
-2.02500574057771e-02
-9.85326872365961e-01
-9.90994829499201e-01
4.30642016678024e-01
-9.97551125946106e-01
9.67491859147472e-01
6.56810517528403e-01
9.97879517273351e-01
8.07805298841709e-01
